1	374.5
1	718
1	930
1	953.5
2	929.5
2	966
3	915.5
3	946
3	969
5	473
5	742
5	754.5
5	971
6	713
6	919
6	929.5
7	46.5
7	374.5
7	924
7	964.5
8	133.5
8	378.5
8	613.5
8	923
8	933.5
8	966
9	716
9	890.5
9	921
9	931.5
9	952
9	966.5
10	376.5
10	634
10	725.5
10	757
10	851.5
10	890.5
10	917
10	927.5
10	949.5
10	964.5
11	870
11	931
11	963
12	743.5
12	961
13	52
13	342
13	373
13	438.5
13	568
13	868.5
13	889
13	921
13	931.5
13	944
14	332.5
14	507.5
14	752.5
14	929
14	950.5
14	962.5
15	375
15	551.5
15	721.5
15	743.5
15	755
15	853.5
15	891.5
15	906.5
15	917.5
15	928
15	947.5
15	967.5
16	136.5
16	376.5
16	719.5
16	923.5
16	935
17	374.5
17	921
17	931.5
17	966
18	219
18	549
18	927.5
18	953.5
19	372.5
19	745
19	755.5
20	135
20	212.5
20	289.5
20	361.5
20	374
20	400
20	702
20	713
20	724
20	740
21	106
21	372.5
21	852
22	499.5
22	544.5
23	101.5
23	377
23	442.5
23	831.5
23	889
24	834
26	48
26	100.5
26	292
26	324
26	654.5
26	830
26	850.5
27	102.5
27	374
27	831.5
28	104
28	284
28	731
28	835
28	855.5
28	891
29	104.5
29	625.5
29	891
30	10
30	42.5
30	102
30	323
30	358
30	376
30	853
30	866
31	105.5
32	38
32	98.5
32	462.5
32	504.5
32	854
32	872.5
32	887
32	903.5
33	46.5
33	100
33	361.5
33	375
33	501.5
34	856.5
34	869
34	905
35	39.5
35	108
35	889
36	716.5
36	854
37	108
37	375.5
37	502
37	832.5
37	855.5
38	107
39	45
39	97
39	359.5
39	833.5
40	479.5
40	890.5
41	64
41	156.5
41	631
42	62.5
42	151.5
43	60.5
43	72
43	108
43	241
43	434
43	524.5
43	625.5
43	766.5
43	890.5
43	906.5
43	931
44	72.5
44	158
44	439.5
44	627.5
45	73
45	159
46	70.5
46	233
46	627
47	159.5
47	334.5
48	59
48	624
49	159.5
49	375.5
49	437
49	909
50	63
50	153
50	215
50	239.5
50	376.5
50	481
50	522.5
50	627.5
50	754
50	889
50	973
51	154
51	792.5
52	209
52	225
52	237.5
52	289
52	629
52	759
53	72.5
53	117
53	154.5
53	483
53	627
53	932
54	66
54	110.5
54	156.5
54	362
54	622.5
55	65.5
55	154.5
55	229.5
55	873
55	885.5
55	982
56	60.5
56	71
56	104
56	115.5
56	156.5
56	235.5
56	983.5
57	106
57	237
58	65.5
58	941
59	60.5
59	102
59	158
59	936.5
60	69
61	439.5
61	451.5
61	786.5
61	866
61	877.5
61	888
61	913.5
61	928.5
61	939
62	428
62	438.5
62	449
62	459.5
62	746
62	853
62	864
62	883
62	901
62	912.5
62	923.5
62	938.5
62	987
62	997.5
63	443
63	454
63	867
63	884.5
63	901.5
63	917.5
63	929.5
63	940.5
63	1000
64	428.5
64	439
64	449.5
64	506.5
64	789
64	858
64	868.5
64	883
64	898.5
64	913
64	927.5
64	938.5
64	982.5
64	996.5
65	155
65	339
65	443
65	454.5
65	862.5
65	873
65	883.5
65	899.5
65	910.5
65	921.5
65	932
65	942.5
65	1000
66	18.5
66	35.5
66	437.5
66	450
66	460.5
66	505
66	790.5
66	835
66	850
66	860.5
66	871
66	884
66	895.5
66	906
66	916.5
66	927
66	937.5
66	948
66	982
66	998
67	18
67	159.5
67	426
67	437
67	447.5
67	865.5
67	879.5
67	890
67	901
67	914.5
67	927.5
67	939
67	995
68	441
68	452
68	856
68	867
68	881.5
68	900
68	911
68	929
68	940.5
68	994
69	433
69	456.5
69	839
69	887.5
69	901.5
69	929
69	941
70	19.5
70	437
70	447.5
70	458
70	839
70	859.5
70	870
70	882
70	900.5
70	912
70	928.5
70	939
70	998.5
71	18
71	431
71	441.5
71	452
71	462.5
71	621
71	853.5
71	865.5
71	885
71	899
71	909.5
71	928.5
71	939
71	989
71	999.5
72	14
72	34
72	435
72	445.5
72	456
72	503.5
72	868.5
72	887.5
72	900.5
72	917.5
72	930.5
72	941
72	1000
73	448
73	744.5
73	863
73	886
73	914.5
73	926.5
73	939.5
74	316.5
74	437
74	449.5
74	461
74	619
74	738
74	749
74	851.5
74	862
74	872.5
74	885.5
74	901.5
74	913
74	924.5
74	940.5
74	983.5
74	999
75	153
75	436.5
75	456.5
75	483.5
75	506.5
75	854.5
75	866
75	885.5
75	903
75	914
75	924.5
75	935
76	157
76	431.5
76	442.5
76	455
76	852
76	864
76	884.5
76	905
76	915.5
76	928.5
76	940.5
76	985.5
76	998.5
77	438.5
77	449.5
77	460.5
77	836.5
77	866
77	886
77	902
77	923
77	933.5
77	944
77	991
78	16.5
78	429.5
78	440
78	453.5
78	869.5
78	886.5
78	901
78	912
78	923
78	933.5
78	944
78	980.5
78	999
79	435.5
79	446
79	456.5
79	750.5
79	864
79	881
79	897
79	907.5
79	926
79	937
79	992.5
80	18
80	35.5
80	431.5
80	442
80	452.5
80	866
80	879.5
80	904
80	914.5
80	926
80	936.5
80	991
81	69.5
81	139.5
81	154.5
81	211
81	244
81	292
81	302.5
81	313
81	323.5
81	359
81	370
81	400
81	616
81	627
81	652.5
81	725
81	738.5
81	749
81	851.5
81	866
82	61.5
82	73.5
82	158
82	293.5
82	304
82	314.5
82	325
82	359
82	369.5
82	400
82	619
82	629.5
82	653
82	724
82	736
82	746.5
82	757
82	848.5
82	860.5
82	871
82	982
83	233
83	294
83	304.5
83	315
83	325.5
83	374.5
83	400
83	628
83	651
83	724.5
83	740.5
83	754
83	848
84	65
84	296
84	307
84	317.5
84	328
84	361.5
84	372
84	614
84	632
84	654
84	719
84	740.5
84	757
84	850
84	867
85	240
85	296
85	307
85	317.5
85	328
85	355.5
85	372
85	618
85	723.5
85	734.5
85	745
85	755.5
85	850
85	865.5
85	978.5
86	58
86	305.5
86	316.5
86	327
86	359
86	371.5
86	396
86	567
86	615.5
86	632
86	650.5
86	710
86	720.5
86	731
86	741.5
86	754
86	814.5
86	848.5
86	867
86	982.5
87	162
87	208.5
87	231.5
87	289.5
87	300
87	315
87	325.5
87	360
87	371.5
87	402
87	546
87	614
87	624.5
87	648.5
87	713.5
87	747
87	759
87	852.5
87	867
87	877.5
88	71.5
88	237
88	288
88	298.5
88	309
88	319.5
88	363
88	373.5
88	398
88	462
88	629
88	716
88	726.5
88	738.5
88	754.5
88	850
88	865.5
89	67
89	137.5
89	211.5
89	235
89	289.5
89	300
89	311
89	323.5
89	362
89	372.5
89	617.5
89	654.5
89	724
89	735
89	745.5
89	756
89	852
89	869
90	137
90	158
90	211
90	290.5
90	305
90	315.5
90	326
90	359.5
90	373.5
90	742
90	755
90	847
90	858
90	868.5
90	890
90	980.5
91	63
91	74
91	213
91	293.5
91	304
91	314.5
91	325
91	360.5
91	371.5
91	401
91	616.5
91	630
91	654.5
91	714
91	742.5
91	757
91	852.5
91	868.5
92	49.5
92	61
92	73
92	213
92	292
92	302.5
92	316.5
92	328.5
92	360
92	371
92	568.5
92	616
92	653
92	712
92	722.5
92	733.5
92	753
92	852
92	869
93	156
93	307.5
93	319
93	359
93	371
93	740.5
93	752.5
93	850.5
93	868.5
93	983.5
94	60
94	135
94	210
94	233.5
94	300
94	310.5
94	321.5
94	359.5
94	370.5
94	400.5
94	650.5
94	740
94	751
94	851.5
94	868
94	983.5
95	141
95	292.5
95	305
95	315.5
95	357.5
95	368
95	622
95	652.5
95	740.5
95	751
95	761.5
95	848.5
95	859
95	869.5
95	887.5
95	978.5
96	137.5
96	288
96	306
96	321
96	359.5
96	370.5
96	612.5
96	652
96	738.5
96	753
96	848.5
96	865.5
96	983.5
97	158.5
97	290.5
97	301
97	311.5
97	322
97	357.5
97	368.5
97	402
97	740
97	751.5
97	853
97	866
98	144
98	239
98	302.5
98	313
98	323.5
98	359.5
98	371.5
98	609.5
98	620
98	655
98	721.5
98	735.5
98	746
98	756.5
98	848.5
98	864
98	875.5
99	306
99	316.5
99	327
99	371.5
99	617.5
99	722
99	733.5
99	744
99	754.5
99	864.5
99	906
99	977
100	241
100	302.5
100	313
100	323.5
100	361
100	371.5
100	397.5
100	727
100	740
100	758.5
100	845.5
100	862.5
100	874
100	981
101	525.5
101	536
101	546.5
101	557
101	567.5
101	578
101	589
101	599.5
101	610
101	642
101	719.5
102	524
102	534.5
102	545
102	555.5
102	566
102	578.5
102	592
102	604.5
102	615
102	626
102	636.5
102	647
102	676.5
102	709
102	720
103	515
103	530
103	541
103	552.5
103	563.5
103	580.5
103	591
103	602.5
103	619
103	633.5
103	645
103	691
103	719
103	789.5
104	436.5
104	527.5
104	538
104	548.5
104	560
104	572
104	584.5
104	595
104	608.5
104	619
104	629.5
104	641.5
104	711.5
104	722
104	733.5
104	893
104	930.5
105	5.5
105	58.5
105	173.5
105	528.5
105	539
105	555
105	581.5
105	594
105	604.5
105	615
105	626
105	637
105	647.5
105	691.5
105	709
105	719.5
106	241.5
106	527
106	537.5
106	558.5
106	569
106	579.5
106	590.5
106	606
106	620.5
106	637
106	648
106	715.5
106	727
107	169.5
107	529.5
107	540
107	554
107	565
107	581
107	593
107	606
107	631.5
107	642
107	654.5
107	715
107	725.5
108	520
108	530.5
108	541
108	552
108	562.5
108	584
108	595.5
108	617
108	629.5
108	640
108	650.5
108	722
108	835.5
109	528.5
109	540.5
109	557
109	567.5
109	585
109	595.5
109	610
109	634.5
109	646
109	719.5
110	533.5
110	544
110	555
110	565.5
110	576.5
110	587
110	597.5
110	608
110	620.5
110	631
110	641.5
110	653
110	711.5
110	722
111	254
111	425.5
111	532
111	543.5
111	562
111	577
111	587.5
111	598.5
111	610
111	622.5
111	644
111	676
111	689
111	713
111	723.5
112	60.5
112	72
112	174.5
112	226.5
112	242
112	530
112	541.5
112	553
112	563.5
112	574.5
112	585.5
112	596.5
112	608.5
112	620.5
112	631.5
112	649
112	660
112	707.5
112	718
112	728.5
112	814
113	405.5
113	535
113	555
113	565.5
113	580
113	593.5
113	604.5
113	620
113	631.5
113	642.5
113	654.5
113	706.5
113	717
113	731.5
114	240
114	518
114	528.5
114	539
114	554.5
114	565
114	583
114	593.5
114	607.5
114	634.5
114	645.5
114	718.5
114	729
115	171.5
115	223
115	428
115	532
115	542.5
115	560
115	579.5
115	590
115	600.5
115	611.5
115	622
115	633
115	643.5
115	715.5
116	43
116	532.5
116	543
116	559.5
116	586
116	596.5
116	608.5
116	635
116	648
116	674.5
116	722
117	189.5
117	200.5
117	522
117	532.5
117	543
117	553.5
117	564
117	575.5
117	586
117	596.5
117	607
117	617.5
117	628
117	638.5
117	649
117	693
117	704.5
117	717
117	815.5
118	4
118	228.5
118	239.5
118	328
118	531.5
118	542
118	562
118	573.5
118	584
118	595
118	606.5
118	618.5
118	638.5
118	649
118	671.5
118	690
118	703.5
118	714
118	724.5
118	741
118	812
119	173.5
119	529
119	539.5
119	553.5
119	564
119	578
119	597
119	609.5
119	628
119	639
119	651
119	713.5
120	529.5
120	540
120	551
120	564.5
120	582.5
120	593.5
120	606
120	621
120	633
120	649.5
120	669
120	680
120	691.5
120	717.5
120	837.5
121	184.5
121	197.5
121	211
121	225
121	238.5
121	253.5
121	264
121	274.5
121	285
121	527.5
121	542
121	562
121	598
121	618
121	712.5
121	723
121	956
122	5.5
122	62
122	186
122	200.5
122	212.5
122	223.5
122	239.5
122	272
122	283
122	398
122	506.5
122	546
122	561.5
122	597.5
122	619
122	633
122	709.5
122	720.5
122	947
122	958.5
123	186.5
123	504
123	517
123	529
123	543.5
123	560.5
123	603
123	704.5
123	715
123	952.5
124	5.5
124	60.5
124	186
124	197.5
124	208
124	219
124	229.5
124	240
124	252
124	271
124	281.5
124	395.5
124	504.5
124	520
124	544
124	558
124	569
124	601
124	620.5
124	639.5
124	694.5
124	705
124	715.5
124	727.5
124	810
124	950.5
124	961
125	62.5
125	181
125	191.5
125	202
125	212.5
125	223
125	233.5
125	252
125	262.5
125	273
125	283.5
125	396
125	504.5
125	515
125	529.5
125	543
125	559.5
125	592
125	602.5
125	615
125	674
125	695.5
125	706.5
125	718
125	784.5
125	954
126	4
126	178.5
126	189
126	199.5
126	210
126	224.5
126	240.5
126	253.5
126	264
126	274.5
126	285
126	505.5
126	517
126	533
126	543.5
126	559.5
126	601.5
126	612.5
126	663.5
126	706
126	721.5
126	813.5
126	953.5
127	180
127	191.5
127	202
127	212.5
127	223
127	233.5
127	253.5
127	266
127	276.5
127	287
127	502
127	513.5
127	524.5
127	535
127	554
127	564.5
127	602.5
127	659.5
127	695.5
127	707.5
127	720
127	953
128	186.5
128	197
128	229.5
128	240.5
128	505.5
128	516.5
128	539
128	549.5
128	561
128	599.5
128	623.5
128	718.5
128	854.5
128	958.5
129	185
129	196.5
129	207
129	221
129	233.5
129	252.5
129	272.5
129	284
129	358
129	394
129	499.5
129	518.5
129	531.5
129	543.5
129	558.5
129	602.5
129	693
129	704
129	715
129	725.5
129	952
130	179.5
130	190
130	200.5
130	211
130	222.5
130	235
130	245.5
130	256
130	266.5
130	277
130	290
130	398.5
130	559.5
130	596
130	615
130	710.5
130	721
130	957
131	184.5
131	198.5
131	220.5
131	231
131	241.5
131	262
131	272.5
131	283.5
131	508
131	518.5
131	530.5
131	541
131	563
131	707
131	722.5
131	784.5
131	952
132	182
132	194
132	206
132	216.5
132	227
132	238
132	255
132	266
132	276.5
132	288
132	397
132	502
132	515
132	531.5
132	542
132	561.5
132	595.5
132	606
132	704.5
132	720.5
132	952
133	45
133	183
133	198.5
133	209
133	226.5
133	238.5
133	259
133	270.5
133	283.5
133	399.5
133	506
133	516.5
133	532.5
133	543.5
133	561.5
133	604
133	693
133	704
133	785.5
133	892.5
133	954.5
134	5.5
134	176.5
134	187
134	198
134	210.5
134	222.5
134	235
134	249.5
134	260.5
134	271
134	281.5
134	292
134	546
134	561
134	594
134	604.5
134	617.5
134	638
134	707
134	717.5
134	728.5
134	743
134	819.5
134	954.5
135	5.5
135	184.5
135	195.5
135	206
135	226.5
135	237.5
135	248
135	258.5
135	269.5
135	280
135	291.5
135	359.5
135	401
135	507.5
135	518
135	529
135	539.5
135	555.5
135	599
135	615
135	635
135	661.5
135	702.5
135	713
135	723.5
135	745
135	783
135	804.5
135	815
135	948.5
135	959
136	185
136	196.5
136	207
136	221
136	232
136	242.5
136	257.5
136	268
136	279
136	327.5
136	399
136	506.5
136	519
136	533
136	543.5
136	557
136	567.5
136	597.5
136	609.5
136	672
136	690
136	701
136	712
136	722.5
136	785
136	955
137	4
137	174
137	186
137	196.5
137	207.5
137	221
137	236.5
137	250.5
137	264.5
137	282
137	398
137	506
137	518.5
137	535
137	545.5
137	560
137	598
137	610
137	639.5
137	669.5
137	709
137	719.5
137	741
137	954
138	183.5
138	195
138	208.5
138	219.5
138	231
138	285.5
138	396
138	537
138	562.5
138	597.5
138	608
138	691.5
138	703
138	713.5
138	957
139	183
139	194
139	204.5
139	223
139	233.5
139	260.5
139	271
139	281.5
139	294
139	398.5
139	508
139	518.5
139	530
139	540.5
139	551
139	561.5
139	600
139	611.5
139	627
139	670
139	702.5
139	713
139	723.5
139	785
139	950
139	960.5
140	186
140	197.5
140	208
140	225.5
140	236
140	272.5
140	506.5
140	517.5
140	529.5
140	547
140	560.5
140	589.5
140	600
140	612
140	625.5
140	691
140	708.5
140	720.5
140	742.5
140	955.5
141	5.5
141	71
141	392.5
141	482.5
141	510.5
141	666.5
141	677
141	784
141	803.5
142	391
142	694
142	707
142	901.5
143	66
143	529
143	565
143	578.5
143	602.5
143	616.5
143	689.5
143	709
143	720
144	63
144	73.5
144	605
144	690
145	61.5
145	316
145	327
145	691.5
146	394.5
146	631
146	674
146	691.5
146	703.5
146	714
146	814.5
146	891.5
147	70.5
147	88
147	329
147	361
147	396.5
147	530
147	541.5
147	570.5
147	584.5
147	622
147	668
147	678.5
147	689.5
147	713
147	785.5
147	807.5
148	68.5
148	395
148	616
148	710
148	722
149	70.5
149	322
149	344
149	391
149	694
149	711.5
150	211.5
150	253.5
150	275
150	286
150	394.5
150	564.5
150	577
150	588
150	601
150	617.5
150	671.5
150	688
150	699
150	711
150	810
151	396
151	534.5
151	715.5
151	840
152	5.5
152	47
152	60
152	87.5
152	318.5
152	363
152	393
152	502
152	514
152	565
152	575.5
152	691.5
152	708.5
153	398
153	568.5
153	579.5
153	590.5
153	602.5
153	691.5
153	706
153	719.5
153	812
154	4
154	69
154	399.5
154	566
154	581.5
154	690
154	702.5
154	713.5
155	71
155	179
155	212
155	340.5
155	392.5
155	565.5
155	614.5
155	686.5
155	707.5
155	718
155	812
156	72
156	342.5
156	396
156	564.5
156	587
156	603.5
156	668.5
156	691.5
156	711.5
157	214.5
157	227.5
157	398.5
157	692
157	713
157	724
158	61.5
158	72
158	86
158	176.5
158	209.5
158	272
158	283.5
158	395
158	562.5
158	573
158	604.5
158	675.5
158	688
158	701
158	711.5
159	70.5
159	389
159	690
159	713
160	5.5
160	197.5
160	211
160	398
160	567
160	633.5
160	676
160	689.5
160	700.5
160	711
161	46.5
161	58
161	70
161	82
161	95
161	173
161	378.5
161	500.5
161	552
161	565.5
161	576
161	586.5
161	600.5
161	616
161	636.5
161	647.5
161	675.5
162	56.5
162	67
162	81.5
162	92
162	580.5
162	594
162	606
162	620
162	631.5
162	649
163	57
163	78
163	88.5
163	502
163	569
163	580
163	590.5
163	601
163	611.5
163	622
163	635.5
163	648.5
163	847
164	44.5
164	55
164	65.5
164	86
164	99
164	498.5
164	544
164	567.5
164	578
164	589.5
164	601
164	611.5
164	622
164	632.5
164	644
165	4
165	56.5
165	93.5
165	170.5
165	550
165	565.5
165	576
165	586.5
165	602.5
165	613.5
165	624.5
165	635
165	646.5
165	707
165	812.5
166	56.5
166	69
166	80
166	90.5
166	101
166	504.5
166	546
166	567.5
166	579
166	618.5
166	631.5
166	642
166	652.5
167	48
167	60.5
167	83
167	93.5
167	104
167	210
167	579.5
167	597.5
167	614.5
167	633
167	649
168	45
168	58
168	68.5
168	80
168	92.5
168	103
168	500.5
168	545
168	565
168	576
168	586.5
168	597
168	608
168	619
168	633
168	643.5
168	654
168	673.5
168	720
169	44.5
169	59
169	82.5
169	94
169	476.5
169	579.5
169	617.5
169	635
169	649
170	62
170	84.5
170	96
170	171.5
170	210.5
170	242
170	504.5
170	542.5
170	565
170	575.5
170	616
170	629
170	641.5
170	652
171	70.5
171	83
171	94
171	572
171	582.5
171	597.5
171	618
171	651
171	758
172	4
172	41.5
172	53.5
172	70.5
172	80.5
172	91
172	102
172	174.5
172	208
172	400
172	504
172	547.5
172	567
172	577.5
172	588
172	600
172	616.5
172	628
172	638.5
172	650
172	675.5
172	714.5
172	730.5
172	742
173	4
173	45
173	56.5
173	70.5
173	81.5
173	94
173	104.5
173	138.5
173	206.5
173	239
173	255
173	269.5
173	280.5
173	320.5
173	356.5
173	374
173	396
173	540.5
173	553
173	563.5
173	574
173	584.5
173	597
173	607.5
173	618
173	633.5
173	646
173	656.5
173	672
173	705
173	717
173	742.5
173	755.5
173	786.5
173	813
173	964.5
174	59.5
174	82
174	92.5
174	241
174	544.5
174	556
174	567
174	577.5
174	588
174	598.5
174	609
174	619.5
174	630.5
174	650.5
174	675.5
175	46.5
175	58.5
175	70.5
175	81.5
175	93
175	506.5
175	544
175	565.5
175	576
175	586.5
175	597.5
175	608
175	627.5
175	638
175	649
175	723.5
176	43
176	59.5
176	87
176	97.5
176	505.5
176	548.5
176	563.5
176	574
176	584.5
176	595.5
176	606
176	618
176	630
176	650
177	43.5
177	60.5
177	72
177	87
177	506.5
177	530
177	570.5
177	622.5
177	634
177	650.5
178	5.5
178	59.5
178	73.5
178	84.5
178	96
178	398
178	502
178	567.5
178	578
178	599.5
178	616
178	628
178	650.5
178	673.5
178	704.5
178	738
178	810
179	34
179	47
179	58.5
179	72.5
179	83
179	94
179	542.5
179	565
179	581
179	604.5
179	626.5
179	637
179	649.5
179	812.5
180	39.5
180	58
180	72
180	82.5
180	93
180	103.5
180	400
180	502
180	545.5
180	565
180	575.5
180	604
180	614.5
180	625
180	640
180	650.5
180	741
181	2.5
181	107
181	205.5
181	220.5
181	236.5
181	253
181	267.5
181	280
181	292
181	302.5
181	313
181	325
181	336.5
181	355
181	365.5
181	546.5
181	562
181	572.5
181	583
181	599
181	611
181	631
181	653.5
181	668
181	688.5
181	702
181	712.5
181	739.5
181	750
181	772.5
181	784
181	809.5
182	5.5
182	202
182	212.5
182	223
182	234
182	246
182	258
182	269.5
182	280.5
182	291
182	301.5
182	313.5
182	326
182	339
182	350
182	360.5
182	566.5
182	587
182	597.5
182	609.5
182	626.5
182	639.5
182	653.5
182	664
182	674.5
182	687
182	712.5
182	741.5
182	755.5
182	768.5
182	781
183	4
183	201
183	212
183	224.5
183	238
183	269
183	279.5
183	301
183	326
183	343
183	549.5
183	564.5
183	575
183	586.5
183	597
183	609
183	619.5
183	631.5
183	667.5
183	678.5
183	689.5
183	704.5
183	715
183	741.5
183	752.5
183	763
183	774
183	810
184	4
184	104
184	198
184	208.5
184	219
184	233.5
184	255
184	271.5
184	282.5
184	295.5
184	306
184	316.5
184	327
184	338.5
184	363
184	375
184	390
184	547.5
184	558.5
184	569
184	579.5
184	590
184	600.5
184	611
184	622
184	651
184	662
184	672.5
184	683.5
184	694
184	704.5
184	715
184	734
184	744.5
184	755.5
184	768
184	779.5
184	804
184	971.5
185	4
185	198.5
185	209
185	222.5
185	233.5
185	251.5
185	262.5
185	273
185	283.5
185	294
185	304.5
185	315
185	326
185	343
185	357.5
185	563
185	574
185	596
185	612.5
185	628
185	656.5
185	670
185	690
185	709
185	739.5
185	750
185	760.5
185	771
185	781.5
185	813.5
186	4
186	203.5
186	216.5
186	235
186	256.5
186	268
186	278.5
186	289
186	300.5
186	311.5
186	322
186	340.5
186	352.5
186	550.5
186	564
186	574.5
186	585
186	595.5
186	606
186	671.5
186	687.5
186	709
186	741
186	751.5
186	772
186	782.5
187	4
187	105.5
187	203.5
187	223.5
187	234.5
187	249
187	265.5
187	276
187	297.5
187	308.5
187	328
187	564.5
187	575
187	588
187	598.5
187	610
187	628.5
187	653.5
187	664.5
187	688
187	711.5
187	746
187	756.5
187	770
187	781.5
188	4
188	200
188	210.5
188	223.5
188	239.5
188	281.5
188	327.5
188	376.5
188	571
188	581.5
188	593
188	607.5
188	689
188	704
188	741.5
188	752
188	765.5
188	781
188	807.5
189	4
189	198
189	208.5
189	225
189	239.5
189	260
189	271
189	282
189	302.5
189	313
189	325
189	567
189	577.5
189	590.5
189	601.5
189	612.5
189	655
189	676
189	688
189	705.5
189	716.5
189	749.5
189	761.5
189	782.5
190	4
190	178.5
190	197.5
190	208
190	219
190	233.5
190	244
190	254.5
190	265
190	275.5
190	286
190	313
190	324
190	339.5
190	551.5
190	562.5
190	573
190	583.5
190	594
190	608
190	618.5
190	640
190	653
190	690
190	705.5
190	717
190	740.5
190	753.5
190	764
190	781
190	809.5
191	4
191	64.5
191	87.5
191	101
191	112
191	186
191	197
191	207.5
191	218
191	228.5
191	239
191	256
191	266.5
191	277
191	287.5
191	298
191	310.5
191	322.5
191	337
191	348
191	358.5
191	550.5
191	563
191	573.5
191	591.5
191	602.5
191	613
191	632.5
191	653.5
191	664
191	675
191	686.5
191	702
191	712.5
191	739
191	749.5
191	760
191	770.5
191	781
191	805.5
191	816
192	4
192	199
192	209.5
192	222.5
192	236
192	249
192	270
192	281
192	303.5
192	317
192	327.5
192	565
192	577.5
192	588
192	598.5
192	610.5
192	625.5
192	670
192	691.5
192	703.5
192	714
192	740.5
192	754
192	766
192	808.5
193	99.5
193	196
193	206.5
193	223
193	236
193	254
193	265
193	275.5
193	286
193	301
193	312
193	324.5
193	340.5
193	357
193	563
193	573.5
193	584
193	594.5
193	605.5
193	616
193	630.5
193	658
193	672
193	687
193	700.5
193	711
193	731.5
193	746.5
193	757
193	772.5
193	783
193	934.5
194	4
194	63
194	86
194	194
194	204.5
194	215
194	225.5
194	236
194	252
194	263.5
194	274
194	284.5
194	295
194	305.5
194	316
194	326.5
194	337
194	347.5
194	558.5
194	569
194	579.5
194	590
194	600.5
194	611.5
194	627
194	638
194	651.5
194	669
194	685.5
194	696
194	706.5
194	717
194	737.5
194	748
194	758.5
194	769
194	779.5
194	809
195	4
195	84.5
195	102.5
195	197.5
195	208
195	220.5
195	231
195	241.5
195	269.5
195	280.5
195	299.5
195	314
195	324.5
195	342.5
195	354
195	549
195	564
195	574.5
195	589.5
195	603.5
195	614
195	643
195	655
195	667.5
195	686
195	702
195	712.5
195	737.5
195	753.5
195	764
195	774.5
195	785
195	806
195	969
196	4
196	192.5
196	203
196	215
196	225.5
196	236
196	246.5
196	257
196	267.5
196	278
196	288.5
196	299
196	309.5
196	324
196	335
196	351.5
196	362.5
196	553.5
196	564
196	574.5
196	585
196	595.5
196	613
196	655.5
196	668
196	689
196	702
196	712.5
196	723
196	735.5
196	746
196	756.5
196	767
196	777.5
196	807.5
197	4
197	198
197	209
197	220
197	231
197	241.5
197	252
197	271.5
197	282
197	294.5
197	305
197	315.5
197	326
197	341
197	353
197	563.5
197	575
197	585.5
197	596
197	608
197	687.5
197	703.5
197	714
197	737.5
197	748
197	758.5
197	769
197	782.5
197	807.5
198	4
198	193.5
198	204.5
198	222
198	232.5
198	252.5
198	264
198	274.5
198	285
198	296.5
198	307
198	327
198	340
198	567
198	577.5
198	588
198	598.5
198	609.5
198	630.5
198	656
198	670
198	687.5
198	708.5
198	736
198	748
198	760
198	771
198	782
198	811.5
199	4
199	101.5
199	203
199	214
199	224.5
199	235
199	271.5
199	282.5
199	300
199	311.5
199	322.5
199	341.5
199	552.5
199	565.5
199	576
199	586.5
199	601.5
199	612.5
199	654
199	666
199	678.5
199	689
199	738
199	758.5
199	769
199	783.5
199	804
199	964
200	5.5
200	189.5
200	200
200	210.5
200	221
200	232
200	250.5
200	261.5
200	273
200	283.5
200	302
200	318
200	328.5
200	340.5
200	359.5
200	508
200	555
200	565.5
200	576
200	586.5
200	597
200	610
200	623.5
200	641.5
200	652.5
200	672
200	690
200	706
200	716.5
200	737.5
200	748
200	758.5
200	781.5
200	802
200	812.5
201	88
201	99
201	112.5
201	123
201	188.5
201	199
201	209.5
201	220.5
201	231.5
201	242
201	253.5
201	264
201	274.5
201	285
201	300.5
201	391.5
201	460.5
201	486.5
201	566.5
201	616.5
202	84.5
202	96
202	107.5
202	118
202	139
202	176
202	187
202	197.5
202	209
202	219.5
202	230
202	240.5
202	255
202	265.5
202	276
202	286.5
202	297
202	317
202	375.5
202	391
202	567
202	613
202	656.5
202	766.5
202	944.5
203	59.5
203	71
203	83
203	109
203	119.5
203	131.5
203	214.5
203	225
203	236.5
203	250.5
203	261
203	278.5
203	289
203	303.5
203	323
203	394.5
203	813
204	122
204	212.5
204	225
204	239
204	262.5
204	278
204	305
205	101.5
205	114.5
205	125
205	135.5
205	157
205	208.5
205	219
205	240.5
205	252
205	262.5
205	274
205	284.5
205	303
205	314
205	339
205	394
206	103.5
206	115
206	125.5
206	138.5
206	227
206	238.5
206	262
206	282.5
206	302.5
206	696.5
206	983
207	106.5
207	117.5
207	142
207	214.5
207	225
207	237.5
207	248.5
207	259.5
207	281
207	303
207	324.5
207	393.5
207	617.5
208	72.5
208	99.5
208	113
208	123.5
208	193
208	205.5
208	219
208	239.5
208	252.5
208	263
208	274
208	284.5
208	396.5
208	484.5
208	815.5
209	120
209	222.5
209	237
209	252.5
209	263
209	279.5
209	399
209	530.5
209	611.5
210	119.5
210	239.5
210	255.5
210	266
210	278
210	300
210	398.5
211	119.5
211	133
211	237
211	256.5
211	267
211	279.5
211	323
211	395.5
211	857.5
212	111.5
212	122
212	210
212	220.5
212	233.5
212	244
212	254.5
212	265
212	280.5
212	300
212	319
212	330
212	458.5
212	615
213	103.5
213	114
213	124.5
213	139
213	222
213	238.5
213	253.5
213	264
213	276
213	287
213	298
213	310
213	320.5
214	115.5
214	126
214	214.5
214	240
214	259
214	271.5
214	282.5
214	294
214	306.5
214	318
214	389.5
215	94.5
215	120.5
215	137
215	212
215	223
215	259.5
215	302.5
215	454.5
216	118
216	135.5
216	222
216	233.5
216	258
216	269
216	281.5
216	300.5
216	321.5
216	395
216	460.5
216	897.5
217	98
217	110.5
217	121
217	137.5
217	208.5
217	219
217	230
217	240.5
217	254
217	264.5
217	276
217	286.5
217	298.5
217	315
217	326
217	400.5
217	463
217	565
217	613.5
218	85.5
218	96.5
218	112.5
218	123.5
218	134.5
218	216.5
218	241
218	256
218	266.5
218	280
218	304
218	397
218	609
219	99.5
219	122.5
219	207
219	217.5
219	238.5
219	258
219	270.5
219	281.5
219	300.5
219	398
220	120.5
220	135
220	199.5
220	210
220	222.5
220	235.5
220	246
220	256.5
220	268
220	278.5
220	289
220	328
220	375
220	398
220	527.5
220	614.5
221	68.5
221	92
221	102.5
221	160.5
221	191.5
221	202.5
221	239
221	251
221	262
221	273
221	283.5
221	295
221	308
221	319
221	341
221	374
221	441.5
221	461
221	483
221	732
221	743
221	834.5
222	191.5
222	206
222	238
222	255.5
222	266
222	282
222	293.5
222	304.5
222	322.5
222	341.5
222	445.5
222	460
222	484.5
222	737
223	85
223	95.5
223	107
223	122.5
223	174
223	186
223	197
223	207.5
223	224
223	236
223	250.5
223	263
223	278.5
223	289
223	300.5
223	311
223	321.5
223	332
223	361.5
223	372.5
223	437.5
223	450
223	460.5
223	729.5
223	740
223	815.5
223	832
224	69
224	80.5
224	91
224	101.5
224	117.5
224	194.5
224	205
224	236.5
224	249
224	260.5
224	282
224	294
224	306.5
224	322
224	339.5
224	436
224	447.5
224	458
224	739
224	835
225	70.5
225	81
225	91.5
225	102.5
225	191
225	201.5
225	232.5
225	251.5
225	262.5
225	282.5
225	295
225	305.5
225	317
225	327.5
225	430
225	440.5
225	451
225	462
225	478.5
225	533.5
225	723
225	733.5
226	64.5
226	79
226	92
226	104
226	184
226	194.5
226	212
226	239.5
226	271
226	282
226	293.5
226	304
226	322
226	433
226	446.5
226	458.5
226	477
226	737
226	833
226	869
227	66.5
227	77
227	87.5
227	98
227	124.5
227	135.5
227	172
227	184
227	194.5
227	207
227	228
227	238.5
227	252.5
227	263
227	273.5
227	284
227	294.5
227	305
227	315.5
227	326
227	437.5
227	448.5
227	459
227	652
227	728
227	738.5
228	72
228	83.5
228	94
228	172
228	185.5
228	196
228	206.5
228	226
228	237
228	250.5
228	261.5
228	272.5
228	283
228	294.5
228	306.5
228	317
228	328
228	432
228	442.5
228	453
228	463.5
228	478.5
228	726.5
228	737
228	784
229	79.5
229	91.5
229	196
229	208.5
229	240
229	252.5
229	264.5
229	276.5
229	287
229	297.5
229	308
229	319
229	346
229	433.5
229	444
229	455
229	735.5
230	77.5
230	89
230	99.5
230	189.5
230	200
230	210.5
230	238.5
230	253.5
230	265.5
230	285
230	299
230	309.5
230	320.5
230	434.5
230	447
230	459.5
230	479.5
230	740
231	92.5
231	105
231	195.5
231	206.5
231	238.5
231	253
231	264
231	302.5
231	313
231	323.5
231	340
231	448
231	459
231	719.5
231	731
231	742.5
232	91.5
232	102.5
232	191
232	201.5
232	234
232	251
232	262
232	272.5
232	283
232	297
232	314.5
232	325
232	429
232	439.5
232	450.5
232	461
232	484
232	676.5
232	731
232	741.5
232	782.5
232	837.5
233	44
233	72.5
233	83
233	93.5
233	104
233	173.5
233	189.5
233	200
233	210.5
233	233
233	253
233	263.5
233	274.5
233	285
233	296
233	307
233	317.5
233	328
233	343
233	427
233	437.5
233	449
233	459.5
233	470
233	480.5
233	524.5
233	674.5
233	724.5
233	735
233	748
233	767.5
233	779.5
233	871
233	918
234	64.5
234	75
234	85.5
234	96
234	193.5
234	208
234	228
234	238.5
234	255
234	265.5
234	280
234	290.5
234	301
234	311.5
234	324
234	375
234	434.5
234	455
234	466.5
234	480
234	552.5
234	728.5
234	739
235	72.5
235	85.5
235	97.5
235	194.5
235	207.5
235	240
235	251
235	263
235	283
235	295
235	306
235	320
235	338
235	432
235	447
235	457.5
235	474
235	726.5
235	738.5
235	839
236	89.5
236	100
236	116
236	177.5
236	188
236	198.5
236	209
236	220
236	235.5
236	246
236	256.5
236	267
236	277.5
236	288
236	298.5
236	309
236	319.5
236	330
236	340.5
236	352
236	375.5
236	397.5
236	433.5
236	444
236	454.5
236	472.5
236	483
236	527
236	721.5
236	732
236	814
236	837
237	72
237	83.5
237	95
237	193
237	208
237	238
237	251
237	280.5
237	293.5
237	310
237	321
237	435
237	456.5
237	481
237	727
237	739
238	70.5
238	81
238	93
238	195.5
238	211
238	230.5
238	241
238	252.5
238	263
238	274
238	284.5
238	295
238	306
238	316.5
238	327
238	436.5
238	453
238	728
238	738.5
238	784
238	872.5
239	70.5
239	82
239	93
239	175
239	193.5
239	205
239	235.5
239	249.5
239	261
239	281.5
239	292
239	303
239	315
239	325.5
239	345
239	459
239	724.5
239	735.5
239	746
240	74
240	85.5
240	96
240	124
240	169
240	180
240	193
240	204
240	237.5
240	248
240	259
240	269.5
240	280.5
240	291
240	301.5
240	313
240	324
240	339.5
240	431
240	441.5
240	456
240	486.5
240	530
240	726.5
240	739
241	42
241	60.5
241	71
241	97.5
241	109
241	128
241	139
241	305.5
241	657
241	671
241	784.5
241	841
242	37.5
242	48
242	59
242	70
242	81
242	103.5
242	133
242	359.5
242	629.5
242	649
242	673.5
242	780.5
243	45
243	60
243	70.5
243	81
243	93.5
243	105
243	123.5
243	134
243	257.5
243	354.5
243	744.5
243	765.5
244	43.5
244	58
244	69
244	83
244	95
244	105.5
244	129
244	343.5
244	354
244	399
244	658.5
244	670
244	782
245	40
245	54.5
245	70.5
245	81.5
245	92.5
245	134.5
245	350.5
245	400.5
245	652.5
245	667.5
245	779.5
245	790
245	959
246	44
246	58.5
246	74.5
246	93
246	131.5
246	156
246	303.5
246	356
246	375
246	392
246	677.5
246	835
247	40
247	50.5
247	61
247	71.5
247	83.5
247	95
247	105.5
247	132.5
247	347
247	357.5
247	425.5
247	522.5
247	650.5
247	662
247	672.5
247	767
247	778
247	792
247	914.5
247	999.5
248	43.5
248	60.5
248	72.5
248	93.5
248	107.5
248	135.5
248	653.5
248	665
248	782.5
249	43.5
249	56.5
249	67
249	77.5
249	89.5
249	102
249	129.5
249	359
249	671.5
249	837.5
250	36
250	46.5
250	58.5
250	69.5
250	87.5
250	98.5
250	130
250	350.5
250	361
250	627.5
250	652.5
250	663.5
250	674
250	786
251	38.5
251	102.5
251	124
251	134.5
251	223.5
251	402
251	655
251	666
251	957.5
252	42.5
252	58.5
252	71
252	81.5
252	92.5
252	103
252	122
252	132.5
252	304.5
252	355.5
252	373.5
252	402
252	650.5
252	669.5
252	741
252	837.5
253	45
253	60
253	70.5
253	81.5
253	94.5
253	105
253	126
253	136.5
253	151
253	286
253	297.5
253	341
253	352
253	362.5
253	374.5
253	769
254	40.5
254	64.5
254	75
254	87.5
254	100
254	125.5
254	136
254	300
254	339
254	360.5
254	653
254	664.5
254	675
254	743
254	784
255	42
255	62.5
255	73
255	86
255	102.5
255	359
256	42
256	68
256	78.5
256	94
256	104.5
256	132.5
256	306.5
256	348.5
256	359
256	669.5
256	730
256	782.5
256	839.5
257	42
257	57
257	69
257	80
257	91
257	102
257	126
257	136.5
257	303
257	350
257	360.5
257	665.5
257	676
258	43.5
258	59
258	76
258	100.5
258	138
258	304.5
258	357.5
258	520.5
258	653
258	665.5
259	44.5
259	59
259	71
259	101.5
259	126
259	136.5
259	225.5
259	254.5
259	268
259	288.5
259	301.5
259	312
259	361
259	402
259	660
259	671
259	786
259	797.5
259	955.5
260	42
260	62
260	74
260	93
260	131
260	357
260	400
260	671
260	784
260	832.5
261	100
261	125.5
261	136
261	174.5
261	185
261	195.5
261	206
261	217.5
261	254.5
261	265
261	277.5
261	288
261	298.5
261	311
261	321.5
261	334.5
261	345.5
261	356
261	372.5
261	385
261	397.5
261	694
261	706
261	798.5
261	809
261	830
262	122.5
262	133.5
262	173
262	184.5
262	197
262	207.5
262	252
262	263
262	273.5
262	284
262	294.5
262	305
262	315.5
262	326
262	337
262	347.5
262	358
262	374.5
262	386.5
262	399
262	699.5
262	799
262	809.5
262	829
263	130
263	172.5
263	185.5
263	207.5
263	271
263	282
263	293
263	313.5
263	337.5
263	348
263	360
263	387
263	572
263	674
263	689.5
263	800.5
263	812.5
263	832.5
264	103
264	121
264	134.5
264	151.5
264	174.5
264	185.5
264	197.5
264	209
264	254.5
264	265
264	275.5
264	287.5
264	298
264	308.5
264	319
264	330
264	340.5
264	352
264	362.5
264	373.5
264	384.5
264	396
264	803
264	813.5
264	833
265	170.5
265	186.5
265	200
265	210.5
265	249
265	266.5
265	277
265	287.5
265	320.5
265	337.5
265	348.5
265	363.5
265	374
265	387
265	399.5
265	691.5
265	702
265	713
265	801.5
265	812
265	828
266	90.5
266	101
266	125
266	136.5
266	157
266	173.5
266	184
266	194.5
266	205
266	250.5
266	261
266	271.5
266	282
266	301
266	312
266	322.5
266	336.5
266	347
266	357.5
266	385.5
266	399.5
266	804
266	814.5
266	831
267	80.5
267	97
267	125.5
267	136
267	153.5
267	174
267	189
267	200
267	211
267	253
267	264
267	280.5
267	294.5
267	305.5
267	316.5
267	327
267	338.5
267	352
267	369
267	380
267	390.5
267	802.5
267	814
267	827.5
268	103
268	127
268	176
268	186.5
268	197
268	207.5
268	240
268	252
268	263
268	273.5
268	284
268	298
268	308.5
268	319
268	329.5
268	340
268	350.5
268	375
268	387
268	483.5
268	551
268	563
268	697.5
268	710
268	801
268	811.5
268	832
269	125
269	136.5
269	178.5
269	189
269	201
269	212
269	255.5
269	268.5
269	279
269	291
269	302
269	312.5
269	323
269	334.5
269	352.5
269	376
269	387
269	398
269	704
269	715
269	802
269	812.5
269	830.5
270	121.5
270	133.5
270	201.5
270	215
270	268.5
270	280
270	291.5
270	302.5
270	323.5
270	336
270	388
270	399
271	123
271	133.5
271	160
271	182.5
271	193
271	203.5
271	254.5
271	266
271	277
271	287.5
271	298.5
271	310
271	321
271	333
271	343.5
271	354
271	370.5
271	382
271	800.5
271	811
271	830
272	123
272	172.5
272	188
272	199
272	210.5
272	243
272	255
272	266.5
272	281.5
272	293
272	324.5
272	337
272	351
272	374.5
272	386.5
272	438.5
272	805.5
272	816
272	826
273	124.5
273	135
273	184
273	199
273	209.5
273	253
273	264.5
273	275.5
273	286
273	299.5
273	311
273	321.5
273	332
273	343
273	373.5
273	386
273	730.5
273	811
273	831.5
274	102.5
274	124
274	135
274	153
274	176.5
274	187
274	198.5
274	209
274	253.5
274	264.5
274	275
274	285.5
274	296
274	306.5
274	317
274	327.5
274	338
274	350.5
274	362
274	372.5
274	383.5
274	799.5
274	810
274	829.5
275	102.5
275	121.5
275	135
275	191.5
275	202
275	212.5
275	242
275	252.5
275	263.5
275	283
275	295.5
275	312.5
275	323
275	335
275	349
275	375
275	386
275	691.5
275	708
275	741
275	800.5
275	811
276	104.5
276	124.5
276	135.5
276	179
276	189.5
276	200
276	210.5
276	257
276	271.5
276	282
276	306.5
276	317
276	327.5
276	338
276	354.5
276	372
276	385.5
276	397.5
276	691
276	703
276	797.5
276	808
276	832.5
277	95
277	105.5
277	123
277	133.5
277	174.5
277	185.5
277	196
277	207
277	252.5
277	269
277	280
277	304.5
277	315
277	326
277	337
277	350
277	377.5
277	388
277	440
277	481.5
277	694.5
277	795.5
277	806
277	834
278	132
278	155.5
278	172.5
278	183.5
278	194.5
278	205
278	251
278	267
278	277.5
278	291
278	301.5
278	314.5
278	325
278	335.5
278	346
278	356.5
278	367.5
278	378
278	388.5
278	699
278	802
278	812.5
278	833
279	17.5
279	100
279	126.5
279	137
279	180.5
279	191
279	201.5
279	212
279	255.5
279	266.5
279	278
279	289.5
279	301
279	311.5
279	338.5
279	352
279	373
279	384
279	700.5
279	800.5
279	811
279	829.5
280	98.5
280	120
280	132
280	177.5
280	188.5
280	199
280	209.5
280	256
280	268
280	278.5
280	289
280	301
280	331.5
280	342
280	352.5
280	375.5
280	386
280	803.5
280	814
281	110
281	121
281	134
281	153.5
281	165
281	249
281	260
281	272
281	282.5
281	293.5
281	312.5
281	323
281	336.5
281	358.5
281	396.5
281	435
281	524.5
281	537
281	917
282	108.5
282	120.5
282	134
282	253.5
282	268
282	278.5
282	310.5
282	321
282	338
282	353
282	363.5
282	374.5
282	727
283	45.5
283	108.5
283	124.5
283	135.5
283	253.5
283	275
283	285.5
283	314
283	327
283	339
283	350
283	362
283	377
283	527
283	538.5
283	836.5
284	121.5
284	132.5
284	157.5
284	255
284	272
284	312
284	325
284	336
284	347
284	357.5
284	373.5
285	118.5
285	129
285	139.5
285	150
285	160.5
285	171.5
285	247
285	257.5
285	268
285	278.5
285	289
285	300.5
285	311
285	321.5
285	332
285	342.5
285	353.5
285	364
285	375
286	6.5
286	134.5
286	151.5
286	255.5
286	272
286	307.5
286	323.5
286	337.5
286	351.5
286	362.5
286	374
286	400
287	122.5
287	134
287	145
287	155.5
287	166.5
287	253.5
287	270.5
287	281.5
287	306
287	316.5
287	327
287	337.5
287	355
287	365.5
287	538
288	111
288	122
288	135.5
288	162.5
288	256
288	268
288	283.5
288	311
288	325
288	342
288	372
288	400
288	532.5
289	113.5
289	124.5
289	136
289	153.5
289	243.5
289	254
289	286
289	340
289	351
289	544.5
290	104
290	122
290	239.5
290	253.5
290	265.5
290	285.5
290	308.5
290	319
290	329.5
290	340
290	360.5
290	526.5
290	631.5
290	758.5
290	831
291	106.5
291	120.5
291	135
291	148
291	159
291	238.5
291	256
291	269.5
291	281.5
291	302
291	312.5
291	323
291	333.5
291	348
291	359.5
291	377
291	402.5
291	444
291	528
292	110.5
292	122
292	136.5
292	171.5
292	241
292	251.5
292	269.5
292	280
292	291
292	312.5
292	324.5
292	335
292	359
292	402.5
292	532
292	657
293	123
293	136
293	252
293	273.5
293	324.5
293	335.5
293	346.5
293	357.5
293	377.5
293	526
294	123
294	133.5
294	149.5
294	163
294	245
294	255.5
294	267
294	283
294	311
294	321.5
294	338.5
294	353.5
294	527.5
295	112.5
295	123.5
295	134
295	146.5
295	161.5
295	250.5
295	269.5
295	282
295	306.5
295	317.5
295	328
295	338.5
295	350
295	360.5
295	398.5
295	530.5
296	120.5
296	131
296	157
296	241
296	252
296	270.5
296	292.5
296	309
296	319.5
296	330
296	340.5
296	352
296	362.5
296	373.5
296	400.5
296	528.5
297	118.5
297	132.5
297	157
297	173
297	241
297	251.5
297	263.5
297	283.5
297	302.5
297	313
297	325
297	340
297	355
297	524.5
297	541.5
298	126
298	136.5
298	151
298	170
298	249
298	265
298	275.5
298	286
298	316
298	328.5
298	339
298	357
298	374
299	116.5
299	136.5
299	148.5
299	159
299	251
299	262
299	273.5
299	286
299	306
299	317
299	327.5
299	338
299	349.5
299	360
300	114
300	124.5
300	135
300	155.5
300	250
300	273.5
300	284
300	304.5
300	315
300	325.5
300	341.5
300	355
300	398
300	535
300	607.5
301	423.5
301	505.5
301	565.5
301	753.5
301	768
301	778.5
301	835
301	857.5
301	870
301	889.5
301	901.5
301	913.5
301	924.5
302	228.5
302	422
302	458.5
302	504.5
302	567
302	616.5
302	738.5
302	749.5
302	760
302	779.5
302	828.5
302	870
302	900
303	752
303	762.5
303	781.5
303	835
303	870
303	890.5
303	901.5
303	913.5
304	425.5
304	501.5
304	562
304	614.5
304	651
304	754.5
304	778.5
304	827.5
304	867
304	891.5
304	902
304	912.5
304	923
304	933.5
304	999.5
305	424.5
305	566
305	652
305	755
305	765.5
305	776
305	810.5
305	824.5
305	840
305	854
305	887
305	898
305	911
305	921.5
305	932
305	943
305	978
305	988.5
305	999.5
306	444
306	565.5
306	653.5
306	758.5
306	828
306	890.5
306	905.5
306	918.5
307	226.5
307	426
307	507
307	567
307	743
307	756
307	766.5
307	782
307	833.5
307	855
307	891
307	962.5
307	982.5
308	321
308	423
308	460.5
308	504.5
308	743
308	753.5
308	764.5
308	782
308	830
308	854
308	868.5
308	890.5
308	902
308	915.5
308	944
308	980
308	991
309	427
309	508
309	567
309	754.5
309	767
309	781
309	814
309	831
309	890
309	900.5
309	911.5
309	922
309	941.5
309	986.5
310	424.5
310	740
310	752
310	766.5
310	780.5
310	812.5
310	827
310	852.5
310	892.5
311	425.5
311	483
311	501.5
311	563.5
311	655
311	737
311	748
311	758.5
311	781.5
311	812.5
311	826.5
311	837
311	852
311	892.5
311	920.5
312	505
312	741.5
312	752.5
312	763
312	785
312	828.5
312	892
312	902.5
312	914
313	747.5
313	765
313	782.5
313	813
313	829.5
313	853
313	889.5
313	903.5
313	916.5
313	943
313	985
313	997.5
314	425.5
314	451
314	461.5
314	506
314	565.5
314	780
314	810
314	829.5
314	840
314	870.5
314	889
314	900.5
314	915
314	927.5
314	940
314	955.5
314	976.5
314	993.5
315	224.5
315	425
315	445.5
315	456.5
315	506
315	653.5
315	741.5
315	752
315	766.5
315	780.5
315	828
315	838.5
315	850
315	888.5
315	899
315	909.5
315	920
315	930.5
315	942
315	976
315	986.5
315	997
316	425.5
316	448
316	460.5
316	504.5
316	735.5
316	746
316	756.5
316	768.5
316	781
316	815.5
316	829
316	851.5
316	892
316	903
316	916
316	931
316	952.5
316	989
317	692
317	759.5
317	770
317	782
317	815
317	830.5
317	891.5
317	917
317	964.5
317	979.5
318	424.5
318	449
318	503
318	653.5
318	750
318	767
318	779.5
318	814
318	826
318	836.5
318	854
318	870.5
318	889
318	901
318	912
318	944.5
318	974.5
318	985.5
318	998.5
319	424
319	447.5
319	458
319	469
319	480
319	505.5
319	568.5
319	651.5
319	691.5
319	743.5
319	754
319	766.5
319	778
319	811.5
319	822.5
319	833
319	844
319	892
319	903
319	918.5
319	929
319	944.5
319	960
319	973
319	983.5
319	995
320	427
320	462
320	507.5
320	565
320	754.5
320	765
320	777
320	827.5
320	838
320	869
320	888.5
320	903.5
320	914
320	962
320	981.5
320	992.5
321	416.5
321	427
321	458
321	483.5
321	499.5
321	514.5
321	526
321	578.5
321	640.5
321	688.5
322	246.5
322	304
322	315
322	326
322	361.5
322	373.5
322	419
322	449.5
322	460
322	474
322	484.5
322	496.5
322	528
322	690
322	747.5
323	328
323	421.5
323	443.5
323	454
323	464.5
323	477
323	503.5
323	690
323	889
323	920
324	408
324	423
324	441
324	451.5
324	462
324	481.5
324	498
324	689
324	854
324	895
325	424.5
325	445.5
325	456
325	480.5
325	500
325	619.5
325	688
325	887
326	418.5
326	447.5
326	458
326	477.5
326	498
326	573
327	66.5
327	107.5
327	421.5
327	451.5
327	476
327	486.5
327	501.5
327	517
327	529
328	420
328	457.5
328	474.5
328	485.5
328	500
328	639
328	873.5
329	398
329	421
329	455
329	477.5
329	499
329	512
329	549
329	574.5
329	689.5
330	422.5
330	451
330	501.5
331	104
331	396.5
331	415
331	425.5
331	453
331	464
331	477.5
331	499.5
331	510
331	523.5
331	535.5
331	546.5
331	574.5
331	686
331	890
331	966.5
332	417.5
332	455.5
332	478.5
332	502.5
332	527.5
332	543.5
332	690
333	420.5
333	432
333	443
333	455
333	472
333	483
333	499.5
333	530.5
333	691.5
333	889.5
333	941
334	420.5
334	454.5
334	500
334	802
334	891
334	969.5
335	395
335	418.5
335	456.5
335	479
335	499.5
335	891.5
336	363.5
336	419.5
336	456.5
336	482
336	499.5
336	690
337	5.5
337	223
337	243.5
337	421
337	453.5
337	479
337	498
337	688
337	756
337	800.5
337	856.5
337	891.5
338	412
338	422.5
338	455
338	480.5
338	502
339	421
339	458
339	476
339	501.5
339	514
339	529.5
339	551
339	689.5
339	889
339	905.5
339	918.5
339	972
340	192.5
340	421.5
340	449.5
340	460
340	501
341	437.5
341	450.5
341	461.5
341	472
341	482.5
341	519
341	675
341	686
341	766.5
341	782.5
341	832.5
341	876
341	886.5
341	907.5
341	919
341	929.5
341	941
341	954.5
341	965.5
341	976
341	986.5
341	997
342	445
342	455.5
342	479
342	533
342	543.5
342	626
342	672
342	684.5
342	785
342	872.5
342	883
342	915.5
342	927
342	940
342	952.5
342	971.5
342	982
342	996.5
343	35.5
343	448
343	459
343	479
343	511.5
343	522
343	532.5
343	543.5
343	601
343	642.5
343	676
343	687
343	870
343	881
343	910.5
343	923
343	933.5
343	954.5
343	977
343	987.5
343	998
344	435
344	446
344	456.5
344	468.5
344	480
344	535
344	545.5
344	672.5
344	688.5
344	885
344	920.5
344	931
344	941.5
344	956
344	974
344	985.5
344	998.5
345	437
345	448
345	458.5
345	471.5
345	520
345	531
345	541.5
345	658
345	674.5
345	687
345	855
345	871.5
345	882.5
345	910.5
345	926
345	937.5
345	954
345	968
345	989
345	999.5
346	425.5
346	437
346	449.5
346	460
346	470.5
346	481
346	517
346	528
346	542.5
346	667
346	678
346	688.5
346	764.5
346	777.5
346	788
346	812.5
346	855.5
346	868.5
346	879.5
346	890
346	903
346	913.5
346	924.5
346	939
346	952.5
346	963
346	973.5
346	984
346	994.5
347	141
347	430.5
347	441
347	451.5
347	468
347	478.5
347	515
347	525.5
347	540
347	660
347	687
347	768.5
347	781
347	874
347	884.5
347	919.5
347	930
347	940.5
347	954.5
347	969.5
347	980
347	997.5
348	446.5
348	457
348	478.5
348	509.5
348	538
348	690
348	786
348	870
348	882
348	924.5
348	958.5
348	975
348	986
348	999.5
349	442.5
349	453
349	475
349	485.5
349	521
349	536.5
349	673.5
349	685
349	767.5
349	782
349	866.5
349	883.5
349	909.5
349	920.5
349	931
349	941.5
349	953
349	965.5
349	976
349	986.5
349	997
350	476
350	519
350	541.5
350	689
350	785.5
350	868
350	884.5
350	905.5
350	916
350	926.5
350	938
350	956.5
350	968
350	978.5
350	989
351	439
351	449.5
351	460.5
351	475
351	487.5
351	519
351	539.5
351	599.5
351	687.5
351	883
351	911.5
351	927.5
351	939.5
351	953
351	966
351	976.5
351	992.5
352	428.5
352	439
352	449.5
352	461.5
352	472
352	482.5
352	520.5
352	531.5
352	542.5
352	688.5
352	782
352	868
352	884
352	907.5
352	918
352	928.5
352	939
352	951
352	961.5
352	972
352	984
352	995
353	439.5
353	450
353	461
353	473.5
353	484
353	530
353	541
353	675
353	686
353	771
353	783.5
353	885
353	908.5
353	919
353	929.5
353	942
353	957
353	970
353	983.5
353	999.5
354	443.5
354	454
354	473
354	483.5
354	527
354	539
354	663.5
354	674
354	687.5
354	762.5
354	784
354	874.5
354	886
354	978.5
355	425.5
355	440
355	451
355	461.5
355	474
355	485
355	518
355	528.5
355	543
355	671
355	682
355	692.5
355	786
355	864.5
355	884.5
355	911
355	921.5
355	932
355	942.5
355	954
355	964.5
355	975
355	990.5
356	424
356	434.5
356	445
356	455.5
356	466
356	476.5
356	516.5
356	527
356	537.5
356	656.5
356	669.5
356	688.5
356	779
356	814
356	834.5
356	857
356	868
356	879
356	889.5
356	904.5
356	915
356	925.5
356	936
356	946.5
356	957
356	967.5
356	978
356	988.5
356	999
357	102
357	422.5
357	433
357	443.5
357	454
357	464.5
357	476.5
357	487
357	522
357	532.5
357	543
357	673
357	686
357	782.5
357	869.5
357	881
357	909
357	919.5
357	930
357	940.5
357	953.5
357	964.5
357	975
357	988
357	998.5
358	34
358	430.5
358	441.5
358	452
358	473.5
358	521.5
358	543
358	602.5
358	674.5
358	685.5
358	780.5
358	851.5
358	881.5
358	910
358	920.5
358	940.5
358	955
358	966
358	976.5
359	427
359	438
359	448.5
359	459
359	469.5
359	480
359	520
359	531
359	542
359	671.5
359	682.5
359	693
359	781
359	837.5
359	869.5
359	882
359	907
359	917.5
359	928
359	939
359	950.5
359	961
359	973.5
359	984
359	996.5
360	439.5
360	450
360	463.5
360	478.5
360	528.5
360	539
360	676.5
360	687.5
360	783.5
360	887.5
360	912
360	924
360	940.5
360	955
360	967.5
360	978
360	988.5
360	1000
361	341
361	356.5
361	398.5
361	544
361	578.5
361	662.5
361	673
361	689
361	784.5
361	808
361	833
361	892
361	951.5
361	962
361	972.5
361	983
361	996.5
362	359
362	401.5
362	457.5
362	551
362	583
362	663
362	673.5
362	688
362	790
362	802.5
362	813.5
362	887.5
362	956
362	967
362	977.5
362	989.5
363	111.5
363	359
363	692
363	804
363	836.5
363	966.5
363	977.5
363	988
363	998.5
364	191
364	349.5
364	360.5
364	401.5
364	423
364	478
364	544
364	555
364	582.5
364	652.5
364	665
364	687.5
364	780
364	790.5
364	801.5
364	812
364	826.5
364	943
364	953.5
364	964
364	974.5
364	990
365	428
365	547.5
365	658.5
365	669.5
365	688
365	785.5
365	796.5
365	807.5
365	834.5
365	874.5
365	959.5
365	970.5
365	983
365	993.5
366	346.5
366	357
366	396.5
366	669
366	694.5
366	746
366	788
366	800
366	810.5
366	835
366	959.5
366	977
366	987.5
366	998
367	13
367	355.5
367	425.5
367	542
367	668
367	691.5
367	799.5
367	810
367	830.5
367	890.5
367	945.5
367	958.5
367	969
367	979.5
367	990
368	351
368	362
368	448.5
368	460
368	543
368	554
368	670
368	687.5
368	799.5
368	810
368	887
368	959.5
368	971
368	984
368	996.5
369	351.5
369	460
369	549.5
369	663
369	674.5
369	689
369	786.5
369	806
369	833
369	960
369	971
369	984.5
369	995
370	344.5
370	355.5
370	434
370	464.5
370	476.5
370	664.5
370	689
370	782
370	799.5
370	810
370	829.5
370	886.5
370	944
370	957
370	969.5
370	982
370	996.5
371	155
371	353.5
371	401
371	461
371	544.5
371	661.5
371	689.5
371	784.5
371	798
371	808.5
371	833.5
371	887
371	946
371	961.5
371	972
371	983
371	995
372	40
372	432
372	550.5
372	666
372	691.5
372	782.5
372	801.5
372	812
372	833.5
372	891
372	944
372	961
372	983.5
372	995
373	349
373	360.5
373	557.5
373	578.5
373	677
373	801
373	811.5
373	829
373	957.5
373	970
373	980.5
373	1000
374	358.5
374	400
374	430
374	461
374	474
374	486
374	548.5
374	659.5
374	670
374	689.5
374	785
374	798
374	808.5
374	829.5
374	840
374	884.5
374	944.5
374	955.5
374	966.5
374	981.5
374	992
375	354
375	548.5
375	664.5
375	675
375	689.5
375	792
375	802.5
375	813
375	831
375	888.5
375	946
375	956.5
375	967
375	977.5
375	988
375	998.5
376	343
376	359
376	446
376	459
376	546.5
376	581.5
376	666.5
376	785
376	800
376	810.5
376	834.5
376	955
376	965.5
376	982.5
376	993.5
377	113.5
377	347.5
377	358
377	398
377	460.5
377	474.5
377	485
377	530
377	540.5
377	551.5
377	576.5
377	661
377	671.5
377	686
377	783.5
377	799
377	809.5
377	828
377	888.5
377	959
377	971
377	981.5
377	992
378	347.5
378	358.5
378	463
378	546
378	654.5
378	667.5
378	753
378	792.5
378	803
378	813.5
378	836.5
378	877
378	888.5
378	943
378	954
378	965
378	975.5
378	986
378	997
379	345
379	484.5
379	543
379	553.5
379	663
379	673.5
379	688
379	787
379	803
379	835
379	958.5
379	969
379	984
379	995
380	395
380	536.5
380	581
380	666
380	676.5
380	751
380	798
380	809
380	836
380	893.5
380	958
380	968.5
380	979
380	990
381	653
381	779
381	802
381	812.5
381	891.5
381	930.5
381	941
381	953
382	189.5
382	428
382	651
382	774
382	784.5
382	800
382	810.5
382	891
382	907.5
382	918
382	929.5
382	940
382	956
382	982.5
382	996.5
383	187
383	424
383	640
383	651
383	761
383	771.5
383	784.5
383	808.5
383	891
383	903
383	919.5
383	933.5
383	944
383	955
383	969
383	979.5
383	990.5
384	424.5
384	512.5
384	653
384	729.5
384	811.5
384	928
384	980.5
385	426
385	652
385	762.5
385	777.5
385	809.5
385	907
385	918
385	928.5
385	939
385	977.5
386	425
386	621
386	651
386	817
386	889.5
386	904.5
386	918.5
386	929.5
386	940.5
386	955.5
386	973.5
386	984
386	995.5
387	315.5
387	424
387	464.5
387	650
387	766
387	777
387	800.5
387	812.5
387	889
387	904.5
387	915.5
387	926
387	936.5
387	947
387	957.5
387	971
387	983
387	993.5
388	186.5
388	426
388	646.5
388	690
388	781.5
388	811
388	822
388	889.5
388	922.5
388	975
389	192.5
389	255.5
389	317
389	423.5
389	462.5
389	506.5
389	648
389	755
389	774
389	784.5
389	797
389	808
389	888
389	904.5
389	915
389	925.5
389	936.5
389	947.5
389	958
389	970.5
389	981
389	991.5
390	188
390	421
390	620
390	643.5
390	654
390	783
390	810
390	873
390	888
390	908.5
390	920
390	930.5
390	941
390	951.5
390	978.5
391	184
391	194.5
391	228.5
391	430
391	508
391	544.5
391	619
391	638.5
391	649.5
391	782.5
391	811
391	909
391	930
391	941
391	954
392	495
392	651.5
392	769
392	779.5
392	802.5
392	813
392	906
392	916.5
392	927.5
392	938
392	954
392	975.5
392	997.5
393	426.5
393	637
393	651
393	767.5
393	778
393	799
393	810.5
393	887.5
393	905
393	916
393	927
393	937.5
393	949
393	965.5
393	978.5
393	996
394	346.5
394	422.5
394	433
394	648
394	753
394	764
394	776
394	786.5
394	807
394	830.5
394	855.5
394	889
394	902
394	912.5
394	923
394	934
394	944.5
394	955
394	966
394	976.5
394	987
394	997.5
395	810
395	889
395	907.5
395	930
395	941
395	952
395	968
395	979
395	990
396	186
396	248.5
396	426.5
396	617
396	780.5
396	808
396	906
396	917
396	928
396	940
396	950.5
396	967.5
396	978
396	995.5
397	191
397	424.5
397	435
397	651
397	776.5
397	811
397	893.5
397	906.5
397	917
397	927.5
397	939
397	950
397	982
397	994
398	227
398	425.5
398	515
398	649.5
398	780
398	805.5
398	816.5
398	852.5
398	892
398	905.5
398	918
398	929
398	939.5
398	950
398	972.5
398	983.5
398	995.5
399	143.5
399	182.5
399	427
399	640
399	651.5
399	775.5
399	789
399	869.5
399	886
399	907.5
399	919.5
399	930
399	940.5
399	952.5
399	963.5
399	976
399	986.5
399	997
400	428
400	500
400	650.5
400	906.5
400	918
400	931
400	941.5
400	999
401	2.5
401	60.5
401	135.5
401	147
402	4
402	149.5
403	4
403	151
403	212.5
403	469.5
403	600.5
403	614.5
403	675
404	4
404	135
404	146.5
404	157.5
405	4
405	150
406	4
406	135
406	148
406	617.5
406	672.5
406	839
407	4
407	136
407	148
407	396
408	4
408	144.5
408	155
408	488
409	4
409	152
410	4
410	133.5
410	147
411	152
411	945.5
412	4
412	137
412	148
412	872
413	5.5
413	129.5
413	140
413	150.5
414	4
414	150.5
414	352.5
415	4
415	152
415	748
416	5.5
416	133.5
416	145
416	155.5
416	358
416	374
417	4
417	135
417	146.5
417	355.5
418	4
418	132
418	149.5
418	748.5
419	4
419	127.5
419	138
419	149
419	350.5
420	4
420	150.5
420	389.5
420	976
421	156.5
423	159
423	196.5
424	5.5
424	165
424	758.5
424	820
425	40
426	4
427	47
427	465.5
428	160.5
429	154
429	444
432	163.5
432	869
434	756
435	872
437	149
437	590.5
438	152.5
440	45
440	76.5
440	610.5
440	870.5
443	836.5
444	46
445	154
445	174.5
445	296.5
445	832.5
445	852.5
446	156.5
446	188
447	4
447	380.5
447	752.5
447	788.5
447	829
447	947
448	192.5
448	552
449	5.5
449	300
452	185.5
453	151.5
453	183
453	194.5
454	581
454	762.5
455	4
455	589.5
455	909.5
456	866.5
457	191
457	466
457	767
458	47.5
458	602
460	18.5
460	585.5
460	765.5
461	298
461	504
461	562.5
461	577.5
461	595
461	610
462	170.5
462	565.5
462	593
462	837.5
463	167.5
463	178
463	563.5
463	574.5
463	585
463	595.5
463	607
463	852.5
464	360
464	584.5
464	596
464	873
465	176
465	259.5
465	344
465	502.5
465	583.5
465	595.5
466	175
466	507.5
466	584.5
466	597
466	610.5
466	850.5
467	59
467	565
468	568.5
468	597
469	5.5
469	172.5
469	375
469	587
469	600.5
469	852
470	347
470	564
470	581.5
470	592.5
470	604.5
471	4
471	138
471	178
471	504.5
471	566.5
471	579
471	594
471	605.5
472	176
472	579.5
472	593.5
472	604
472	855.5
473	566
473	577
473	588
473	598.5
473	610.5
474	172.5
474	403
474	561
474	591.5
475	5.5
475	173.5
475	347.5
475	565
475	581
475	591.5
475	602.5
475	613.5
475	676
475	854
475	975
476	174.5
476	563.5
476	577.5
476	588.5
476	599
476	612
477	94
477	172.5
477	505.5
477	565
477	582
477	602.5
477	853.5
478	344.5
478	576
478	586.5
478	597.5
479	164.5
479	176
479	345.5
479	565
479	576.5
479	587
479	597.5
479	608.5
479	784.5
479	839.5
480	341.5
480	567
480	587
480	597.5
480	855.5
481	43.5
481	590
481	600.5
481	965
482	5.5
482	22
482	35
482	45.5
482	588.5
482	599
482	641.5
482	858
482	868.5
483	41.5
483	602.5
483	859.5
483	870
484	36.5
484	861.5
484	872.5
485	33.5
485	44
485	214.5
485	596
485	639.5
485	866.5
486	43.5
486	122
486	283.5
486	505.5
486	582.5
486	599.5
486	858
486	870
487	35
487	45.5
487	597.5
487	635.5
487	861.5
488	40
488	71
488	125
488	212
488	864.5
489	38.5
489	314.5
489	587
489	598.5
490	40.5
490	600
490	724
490	859.5
490	870
491	45.5
491	594.5
492	35
492	45.5
492	588.5
492	599
492	861.5
492	872
493	20
493	38
493	488
493	592
493	602.5
494	42.5
494	490.5
494	533.5
494	637.5
494	963
495	46
495	155
495	530.5
495	594.5
496	4
496	35.5
496	46
496	127
496	138
496	532
496	602
497	37
497	47.5
497	408.5
497	592
497	720
497	855
497	866
498	43
498	151
498	855.5
498	866
499	42
499	73
499	124
499	585
499	596
499	722.5
499	853.5
499	864.5
500	41.5
501	376.5
501	474.5
501	744
501	756
501	917.5
501	931
501	949
501	970.5
502	48
502	135
502	376
502	387.5
502	615
502	635.5
502	714.5
502	727.5
502	759
502	853
502	892
502	918.5
502	929
502	940
502	951.5
502	966
503	4
503	20
503	34
503	48
503	59.5
503	84.5
503	103
503	125.5
503	202
503	241
503	255
503	271.5
503	306.5
503	330.5
503	342.5
503	358
503	374.5
503	440
503	452.5
503	509
503	522
503	553.5
503	566
503	578.5
503	669.5
503	723.5
503	742
503	753.5
503	776.5
503	839
503	852
503	864.5
503	875
503	890.5
503	908
503	919
503	929.5
503	946
503	962.5
503	974
504	4
504	33
504	47
504	136.5
504	148
504	161
504	174
504	214.5
504	291
504	305.5
504	363.5
504	374
504	385
504	401.5
504	414.5
504	428.5
504	470.5
504	483.5
504	496.5
504	521.5
504	535.5
504	550.5
504	626
504	703.5
504	715
504	725.5
504	741.5
504	753
504	765
504	799
504	824
504	852
504	891
504	906.5
504	922.5
504	933
504	945
504	956
504	967.5
504	987
504	1000
505	103
505	114.5
505	374
505	386
505	444
505	501
505	546
505	833.5
505	890.5
506	11.5
506	44
506	102
506	113.5
506	285.5
506	296.5
506	324.5
506	359.5
506	375.5
506	627
506	657
506	732.5
506	831.5
506	852
506	867.5
506	892.5
507	4
507	32.5
507	43
507	55.5
507	68.5
507	81.5
507	94.5
507	106
507	126
507	139
507	152
507	165
507	178
507	191
507	204
507	217
507	230
507	243
507	256
507	269
507	282
507	309.5
507	322.5
507	338
507	351
507	364
507	376.5
507	390.5
507	403.5
507	416.5
507	429.5
507	444
507	457
507	468
507	481
507	495
507	506
507	518.5
507	532.5
507	545.5
507	560
507	573
507	587.5
507	600.5
507	613.5
507	626.5
507	641
507	654
507	670.5
507	683.5
507	696.5
507	709.5
507	731
507	747
507	760
507	773
507	786
507	799
507	812
507	825
507	848.5
507	859
507	871.5
507	883.5
507	905
507	917
507	930
507	944.5
507	957.5
507	970.5
507	983.5
507	996.5
508	4.5
508	19
508	32.5
508	47.5
508	99
508	109.5
508	361
508	377
508	430
508	481
508	499
508	517.5
508	546.5
508	573.5
508	718
508	730.5
508	834
508	855.5
508	869
508	892
508	905.5
508	931
509	62
509	73.5
509	85.5
509	109.5
509	153
509	163.5
509	242.5
509	435.5
509	447
509	526.5
509	627
509	638
509	768
509	892
509	908
509	932.5
509	980.5
510	60.5
510	72
510	154.5
510	216.5
510	235
510	336
510	377
510	389.5
510	439.5
510	482.5
510	524
510	629
510	755.5
510	891
510	911
510	974.5
511	67.5
511	112
511	135.5
511	155.5
511	210.5
511	226.5
511	240
511	290.5
511	364
511	484.5
511	624
511	635
511	761
511	794
511	874.5
511	887
511	933.5
511	983.5
512	62
512	72.5
512	103.5
512	117
512	159.5
512	237
512	388.5
512	938
512	950
512	985
513	4
513	17
513	32.5
513	46.5
513	59.5
513	87.5
513	156.5
513	198
513	211
513	333
513	344
513	357
513	370
513	383
513	404.5
513	419.5
513	430
513	440.5
513	451
513	461.5
513	474
513	487
513	500
513	514.5
513	553
513	673.5
513	690
513	704
513	731
513	747.5
513	760
513	773
513	786
513	799.5
513	812.5
513	828
513	854.5
513	865
513	875.5
513	886
513	898.5
513	909.5
513	920
513	930.5
513	941
513	963.5
513	976.5
513	988.5
513	999
514	20
514	32.5
514	161.5
514	428
514	438.5
514	449
514	459.5
514	506.5
514	792
514	837
514	848
514	859
514	869.5
514	881
514	891.5
514	902
514	913
514	928.5
514	939
514	949.5
514	983.5
514	995.5
515	4
515	15.5
515	37
515	75
515	88.5
515	105
515	120
515	154.5
515	318.5
515	424
515	436.5
515	447
515	457.5
515	468.5
515	485.5
515	505
515	518.5
515	544.5
515	620.5
515	632.5
515	740
515	750.5
515	833.5
515	853.5
515	864.5
515	875
515	887
515	900.5
515	911
515	922
515	932.5
515	943
515	964.5
515	990.5
516	5
516	18.5
516	30.5
516	45
516	62.5
516	104
516	120.5
516	136
516	159.5
516	200.5
516	231.5
516	257.5
516	271.5
516	285.5
516	341
516	400.5
516	431.5
516	442
516	452.5
516	463
516	653
516	669.5
516	693
516	752
516	781.5
516	795.5
516	814.5
516	838
516	854
516	865.5
516	881
516	891.5
516	902.5
516	913.5
516	924.5
516	935
516	945.5
516	982.5
516	993
517	63
517	75
517	142
517	156.5
517	213
517	242
517	294
517	304.5
517	315
517	325.5
517	357
517	368
517	378.5
517	401.5
517	615.5
517	626.5
517	637
517	654
517	720.5
517	731
517	741.5
517	752
517	762.5
517	849.5
517	862
517	872.5
517	980
518	59.5
518	71.5
518	139
518	163.5
518	210
518	233
518	289.5
518	300.5
518	311
518	321.5
518	332
518	361
518	373
518	398
518	465
518	547.5
518	570
518	615.5
518	626.5
518	650
518	712
518	723
518	734
518	744.5
518	756
518	816
518	849
518	859.5
518	870
518	880.5
518	892.5
518	982.5
519	51.5
519	62.5
519	75.5
519	136.5
519	148.5
519	159.5
519	211.5
519	223
519	235.5
519	294
519	305
519	316.5
519	327
519	359
519	369.5
519	402.5
519	415.5
519	618
519	632
519	652.5
519	713.5
519	724
519	735
519	745.5
519	756
519	767.5
519	852
519	870
519	889
519	985.5
520	140
520	160.5
520	242.5
520	290.5
520	302.5
520	313
520	323.5
520	335.5
520	359
520	370
520	399
520	611
520	621.5
520	653.5
520	723
520	735
520	745.5
520	756
520	847
520	858.5
520	869
520	879.5
520	908
520	978.5
521	3.5
521	16
521	34.5
521	56.5
521	68
521	80.5
521	93
521	114
521	127.5
521	140
521	153
521	171.5
521	183
521	195.5
521	208
521	227.5
521	240
521	256.5
521	269
521	281.5
521	301.5
521	324
521	346.5
521	359
521	386
521	399
521	412.5
521	425
521	437.5
521	454.5
521	467
521	479.5
521	492
521	512
521	525.5
521	536
521	546.5
521	557
521	567.5
521	579.5
521	590.5
521	601
521	611.5
521	622
521	632.5
521	643
521	653.5
521	667
521	678
521	690
521	701.5
521	712
521	722.5
521	734.5
521	756.5
521	769.5
521	782
521	792.5
521	805
521	817.5
521	830
521	858.5
521	894.5
521	907
521	920.5
521	932
521	944
521	956.5
521	977.5
521	991
522	171
522	244
522	521.5
522	532
522	542.5
522	553.5
522	564
522	574.5
522	585
522	595.5
522	607.5
522	618.5
522	631.5
522	642
522	652.5
522	713
522	723.5
522	837
523	62
523	73.5
523	87
523	173
523	185.5
523	224.5
523	241.5
523	255.5
523	269
523	407
523	420.5
523	431
523	444.5
523	519.5
523	530
523	540.5
523	554.5
523	565
523	576
523	586.5
523	597
523	607.5
523	618.5
523	629
523	639.5
523	650
523	661
523	677.5
523	690.5
523	708
523	718.5
523	730
523	741.5
523	815.5
524	5.5
524	44.5
524	175
524	191
524	202
524	230.5
524	241
524	329.5
524	506
524	524
524	534.5
524	545
524	555.5
524	566
524	576.5
524	587
524	597.5
524	608
524	619
524	629.5
524	640
524	650.5
524	662
524	672.5
524	683
524	693.5
524	705
524	715.5
524	726
524	742.5
524	813.5
524	826.5
524	839
525	8
525	62
525	183
525	193.5
525	204
525	214.5
525	225
525	235.5
525	253.5
525	264
525	274.5
525	285
525	397
525	505.5
525	516.5
525	529
525	543.5
525	555
525	565.5
525	577
525	593.5
525	604
525	616.5
525	628
525	639
525	697
525	707.5
525	718
525	729
525	786
525	811.5
525	948.5
525	959
526	5.5
526	180
526	190.5
526	201
526	211.5
526	222.5
526	233
526	243.5
526	254
526	265.5
526	276
526	286.5
526	298.5
526	329.5
526	359.5
526	395.5
526	408.5
526	501
526	512.5
526	523
526	534
526	545
526	555.5
526	566
526	598
526	608.5
526	619.5
526	661
526	673
526	694.5
526	706
526	716.5
526	727
526	815.5
526	856
526	954
526	965.5
527	3.5
527	15.5
527	29.5
527	43.5
527	55.5
527	70
527	82.5
527	98.5
527	112
527	133.5
527	156
527	171
527	183.5
527	195.5
527	207
527	218
527	228.5
527	239
527	249.5
527	260
527	271
527	281.5
527	292.5
527	312.5
527	328
527	343.5
527	356
527	373
527	399
527	424.5
527	438
527	450.5
527	463
527	485.5
527	498
527	508.5
527	519
527	530.5
527	541
527	553
527	563.5
527	587
527	597.5
527	608
527	619
527	636.5
527	649.5
527	663
527	689.5
527	703.5
527	714.5
527	725
527	736.5
527	747
527	759
527	772.5
527	784.5
527	797
527	807.5
527	821
527	842.5
527	855
527	868.5
527	885
527	895.5
527	910
527	923.5
527	937
527	950
527	960.5
527	979
527	992.5
528	5.5
528	175.5
528	186
528	196.5
528	207
528	218
528	228.5
528	239
528	250.5
528	261
528	271.5
528	282
528	293
528	329
528	386
528	397.5
528	409
528	507.5
528	519
528	531
528	541.5
528	552
528	562.5
528	573.5
528	591
528	601.5
528	612
528	627
528	641
528	671.5
528	691.5
528	702.5
528	713
528	723.5
528	742.5
528	786.5
528	951.5
528	962
529	5.5
529	18.5
529	33
529	47.5
529	62
529	72.5
529	84
529	107
529	121.5
529	136
529	150.5
529	165
529	311
529	322
529	341
529	380
529	392.5
529	426.5
529	441
529	455.5
529	470
529	484
529	497
529	512
529	530.5
529	566.5
529	580.5
529	605
529	618
529	658.5
529	669
529	679.5
529	691
529	702
529	712.5
529	723
529	742
529	760
529	774.5
529	785.5
529	804.5
529	838
529	852.5
529	867
529	881.5
529	903
529	916
529	930.5
529	945
529	979.5
529	994
530	70
530	89.5
530	213
530	255
530	276.5
530	287.5
530	330.5
530	346.5
530	362.5
530	392.5
530	403.5
530	531.5
530	543
530	566
530	577.5
530	588.5
530	602.5
530	617.5
530	629
530	669.5
530	680
530	691
530	701.5
530	712
530	723.5
530	787
530	809.5
530	820.5
530	893.5
531	5.5
531	71
531	320.5
531	342
531	395
531	504.5
531	516
531	537
531	567
531	581.5
531	617
531	688.5
531	707.5
531	718
531	813.5
531	841.5
532	63
532	73.5
532	87.5
532	178
532	199
532	211
532	222
532	233
532	273.5
532	285
532	344
532	390.5
532	401
532	564
532	574.5
532	588.5
532	605.5
532	635
532	670
532	681
532	691.5
532	702
532	713
532	725.5
533	5.5
533	46
533	56.5
533	67
533	79.5
533	90
533	100.5
533	172
533	380
533	500
533	545.5
533	556
533	567
533	577.5
533	588
533	598.5
533	609
533	619.5
533	630
533	640.5
533	651
533	677
533	708.5
533	814
533	848.5
534	46.5
534	58.5
534	70.5
534	81.5
534	92.5
534	103
534	173
534	212
534	478
534	506
534	544.5
534	566.5
534	577
534	588
534	599
534	610
534	620.5
534	633
534	643.5
534	654
534	676
534	721.5
535	5.5
535	43
535	54.5
535	65.5
535	76
535	86.5
535	97
535	108
535	140
535	176
535	208
535	240.5
535	252.5
535	264
535	275
535	286
535	322
535	358
535	375.5
535	397.5
535	410.5
535	505.5
535	542
535	553
535	564
535	574.5
535	585
535	596
535	607
535	618
535	629
535	639.5
535	650.5
535	661.5
535	673.5
535	685
535	706.5
535	717
535	728
535	739.5
535	750.5
535	761
535	788
535	814.5
535	966
536	8
536	35.5
536	46
536	59.5
536	72
536	83.5
536	94.5
536	105
536	401.5
536	503.5
536	514.5
536	531.5
536	544
536	565
536	575.5
536	586
536	597
536	607.5
536	618
536	628.5
536	639
536	651
536	662.5
536	675
536	706
536	739.5
536	811.5
536	908.5
537	4
537	15.5
537	105.5
537	199.5
537	210
537	220.5
537	231
537	241.5
537	252.5
537	263
537	273.5
537	284
537	294.5
537	305
537	315.5
537	326.5
537	338
537	349
537	359.5
537	370
537	391.5
537	548
537	560
537	570.5
537	581
537	591.5
537	602
537	612.5
537	623.5
537	634
537	652.5
537	663.5
537	674
537	685
537	695.5
537	706
537	716.5
537	729
537	740
537	751
537	761.5
537	772
537	782.5
537	794
537	805.5
537	816
537	830
537	973
537	986.5
538	4.5
538	16
538	32
538	45.5
538	62.5
538	101.5
538	113.5
538	128.5
538	149.5
538	163
538	176.5
538	188
538	199
538	209.5
538	220
538	230.5
538	241
538	251.5
538	262
538	272.5
538	283
538	293.5
538	304
538	314.5
538	325
538	336
538	347
538	358
538	378.5
538	415.5
538	430.5
538	444
538	472
538	485.5
538	499
538	512.5
538	526
538	539.5
538	552.5
538	564.5
538	575
538	585.5
538	596
538	607.5
538	620
538	630.5
538	642
538	655
538	666.5
538	677.5
538	689.5
538	705.5
538	717
538	742
538	752.5
538	763
538	773.5
538	784
538	809.5
538	845
538	876.5
538	908.5
539	4
539	15.5
539	64.5
539	76.5
539	87
539	100.5
539	113
539	187.5
539	198
539	208.5
539	219.5
539	230
539	240.5
539	251
539	262
539	272.5
539	283
539	294
539	304.5
539	315
539	325.5
539	338.5
539	349
539	359.5
539	400.5
539	415
539	443.5
539	457.5
539	550.5
539	561
539	571.5
539	582
539	592.5
539	603
539	613.5
539	627
539	638
539	649.5
539	660
539	670.5
539	687
539	697.5
539	708
539	718.5
539	733
539	743.5
539	754.5
539	765.5
539	776
539	786.5
539	801
539	811.5
539	823
539	861.5
539	877.5
539	891
539	936
539	953.5
539	970.5
540	4
540	15
540	28.5
540	41.5
540	54.5
540	104
540	134.5
540	154
540	171
540	192.5
540	203
540	213.5
540	224
540	234.5
540	246.5
540	257
540	268
540	278.5
540	289
540	300
540	311
540	322
540	332.5
540	343
540	353.5
540	364
540	376
540	390.5
540	427.5
540	479
540	492.5
540	506
540	517.5
540	530.5
540	543.5
540	554
540	565
540	576
540	586.5
540	597
540	608
540	619
540	632
540	643
540	654
540	667.5
540	678.5
540	689
540	703.5
540	714
540	724.5
540	737
540	747.5
540	758
540	768.5
540	779
540	790.5
540	803.5
540	814
540	835.5
540	849
540	862
540	890.5
540	904.5
540	917.5
540	930.5
540	965.5
540	982.5
540	995.5
541	61
541	72.5
541	85
541	97.5
541	109
541	119.5
541	130
541	140.5
541	158.5
541	177.5
541	188.5
541	199
541	210.5
541	221
541	231.5
541	242
541	253
541	264
541	275.5
541	286
541	297.5
541	308
541	318.5
541	340.5
541	377.5
541	393
541	405.5
541	462
541	568.5
541	614.5
541	658.5
541	768
541	814.5
541	946
542	74
542	101.5
542	114.5
542	125
542	136.5
542	194.5
542	207
542	218
542	228.5
542	239
542	250
542	261
542	272
542	282.5
542	302.5
542	322
542	397
542	486
542	532
542	613
542	625
542	641
542	698
542	817
542	984.5
543	96.5
543	113
543	123.5
543	134.5
543	145.5
543	211.5
543	222
543	235.5
543	246
543	256.5
543	267
543	277.5
543	288.5
543	299.5
543	310
543	320.5
543	332
543	391
543	456
543	617
543	859
544	4.5
544	18
544	31.5
544	45
544	58.5
544	87
544	98.5
544	111.5
544	122
544	133.5
544	144.5
544	159.5
544	177.5
544	201
544	211.5
544	222
544	232.5
544	243
544	255.5
544	266
544	277
544	287.5
544	300
544	316.5
544	327.5
544	363
544	376.5
544	389.5
544	400
544	411.5
544	425
544	462
544	474
544	505.5
544	519
544	529.5
544	549
544	562.5
544	574
544	587.5
544	601
544	611.5
544	623
544	636.5
544	650
544	663.5
544	677
544	690.5
544	704
544	717.5
544	760
544	774.5
544	788
544	801.5
544	815
544	831.5
544	873.5
544	887
544	899
544	911.5
544	925
544	938.5
544	952
544	965.5
544	979
544	992.5
545	70
545	82
545	92.5
545	103
545	119
545	163
545	177
545	188.5
545	199
545	209.5
545	226
545	237.5
545	250.5
545	261.5
545	272.5
545	283.5
545	294.5
545	305.5
545	316
545	326.5
545	337.5
545	348.5
545	363
545	374
545	431.5
545	442
545	452.5
545	463
545	480
545	491
545	535
545	724.5
545	735
545	745.5
545	759
545	817
545	835
545	847
546	66
546	77
546	87.5
546	98
546	109
546	126
546	137
546	173.5
546	185.5
546	196
546	207.5
546	218.5
546	229.5
546	240
546	252
546	263
546	273.5
546	284
546	295
546	305.5
546	316.5
546	327
546	347.5
546	434
546	444.5
546	455
546	465.5
546	478.5
546	492
546	653.5
546	729
546	739.5
546	785.5
546	834.5
546	870.5
547	45.5
547	66
547	76.5
547	87
547	97.5
547	108
547	176
547	191
547	201.5
547	212
547	229.5
547	240
547	252.5
547	263.5
547	274
547	284.5
547	295.5
547	306
547	316.5
547	327
547	339.5
547	376.5
547	428.5
547	439
547	449.5
547	460
547	471
547	481.5
547	526
547	554
547	676
547	688.5
547	721
547	731.5
547	742
547	753
547	769
547	781
547	839
547	874
547	919.5
548	72
548	82.5
548	93
548	103.5
548	117.5
548	129
548	170.5
548	181
548	191.5
548	202
548	212.5
548	223
548	234
548	244.5
548	255
548	265.5
548	276
548	286.5
548	297
548	307.5
548	318
548	328.5
548	340.5
548	352.5
548	377
548	399
548	432.5
548	443
548	454.5
548	465.5
548	476.5
548	487
548	529
548	723
548	733.5
548	744
548	786
548	815.5
548	838.5
548	874
549	39
549	49.5
549	60
549	70.5
549	82.5
549	94
549	105
549	125
549	135.5
549	146.5
549	259
549	285
549	307
549	346
549	356.5
549	400.5
549	631
549	650.5
549	661
549	671.5
549	746
549	767
549	781
549	791.5
549	844
549	960.5
550	4.5
550	37.5
550	48
550	59.5
550	70
550	80.5
550	91
550	101.5
550	112.5
550	131.5
550	307
550	332.5
550	349.5
550	360
550	380.5
550	393.5
550	428.5
550	525
550	629
550	654
550	665
550	675.5
550	770.5
550	781.5
550	794
550	836.5
550	916
551	40
551	51.5
551	62
551	72.5
551	83
551	94
551	104.5
551	123.5
551	134
551	145
551	156
551	225
551	287.5
551	299
551	330
551	340.5
551	354
551	364.5
551	375
551	403.5
551	416.5
551	652
551	664
551	675
551	742.5
551	754.5
551	770.5
551	786
551	839
551	959
552	43.5
552	58.5
552	69.5
552	80
552	92.5
552	103
552	115.5
552	127.5
552	138
552	227
552	256
552	270
552	292.5
552	303
552	313.5
552	350
552	360.5
552	401.5
552	522
552	655.5
552	667
552	678
552	731.5
552	784
552	795.5
552	842
552	957
553	102
553	123
553	134
553	153
553	172
553	183.5
553	194.5
553	205
553	216
553	250.5
553	261.5
553	272.5
553	283
553	294.5
553	310.5
553	321
553	331.5
553	342
553	352.5
553	363.5
553	374.5
553	386
553	397.5
553	573.5
553	639.5
553	675.5
553	691
553	701.5
553	712.5
553	800
553	810.5
553	821.5
553	832
554	81
554	92
554	102.5
554	123
554	134
554	145
554	158.5
554	175.5
554	186
554	196.5
554	207
554	217.5
554	241.5
554	252.5
554	263
554	273.5
554	284
554	294.5
554	305
554	315.5
554	326
554	336.5
554	348
554	359
554	370.5
554	381.5
554	392
554	402.5
554	415
554	463.5
554	485
554	499.5
554	552.5
554	564.5
554	699
554	711.5
554	728.5
554	802.5
554	814
554	829
554	864
554	895
554	927
554	942
554	957
554	972
554	987
555	104
555	123.5
555	135.5
555	154.5
555	166
555	178.5
555	189
555	200.5
555	211
555	243.5
555	254.5
555	265
555	277
555	287.5
555	298
555	308.5
555	319
555	329.5
555	340
555	350.5
555	364
555	374.5
555	385
555	440
555	547.5
555	585
555	599.5
555	614
555	628.5
555	643
555	673.5
555	693
555	709.5
555	732.5
555	743
555	801.5
555	812
555	827.5
555	838.5
556	19
556	32.5
556	96.5
556	107
556	121.5
556	132.5
556	158.5
556	174
556	184.5
556	195
556	205.5
556	216
556	253
556	264.5
556	275
556	285.5
556	297.5
556	308
556	318.5
556	329
556	339.5
556	350
556	361
556	373.5
556	384
556	394.5
556	442.5
556	483
556	692.5
556	703
556	797
556	807.5
556	818
556	832
557	47
557	110.5
557	121
557	131.5
557	142
557	152.5
557	163
557	173.5
557	248.5
557	259
557	269.5
557	280
557	290.5
557	302.5
557	313
557	323.5
557	334
557	344.5
557	355
557	365.5
557	376
557	398
557	436.5
557	485.5
557	526
557	538.5
557	551
557	728.5
557	741.5
557	838
557	918.5
557	931.5
558	8
558	105.5
558	116
558	126.5
558	137
558	147.5
558	158
558	168.5
558	241
558	255
558	267
558	278
558	288.5
558	308
558	318.5
558	329
558	339.5
558	353
558	364
558	374.5
558	401.5
558	528
558	539
558	550
558	633
558	760
558	813
558	832.5
559	108.5
559	122
559	134
559	147
559	163
559	174
559	240
559	251
559	261.5
559	272
559	282.5
559	293
559	303.5
559	314
559	324.5
559	335
559	348
559	359
559	379
559	404.5
559	445.5
559	459
559	527.5
559	538
559	658.5
560	115.5
560	126
560	136.5
560	148
560	158.5
560	171.5
560	242.5
560	253
560	264
560	275
560	285.5
560	296.5
560	307
560	317.5
560	328
560	339.5
560	351
560	361.5
560	373.5
560	399.5
560	498
560	526.5
560	537
560	609
561	4
561	17
561	30
561	43
561	56
561	69
561	82
561	95
561	108
561	171.5
561	185.5
561	198.5
561	211.5
561	224.5
561	236.5
561	328
561	374.5
561	388.5
561	412.5
561	423.5
561	434.5
561	458.5
561	473.5
561	486.5
561	503
561	514.5
561	527.5
561	550
561	563
561	574
561	587
561	600
561	616
561	627.5
561	640.5
561	652.5
561	665
561	678
561	691
561	704
561	717
561	730
561	740.5
561	751
561	761.5
561	772
561	782.5
561	794.5
561	808.5
561	825.5
561	836.5
561	848
561	859
561	869.5
561	880.5
561	891
561	901.5
561	912.5
561	923
561	933.5
561	944.5
561	957
561	979.5
561	990
562	229
562	322.5
562	424.5
562	445.5
562	462.5
562	507
562	568
562	655
562	742
562	754
562	766
562	782
562	794
562	814.5
562	828.5
562	840
562	854.5
562	870
562	891.5
562	902
562	913
562	923.5
562	943
562	956
562	967
562	982.5
562	993
563	4.5
563	20.5
563	35
563	49
563	172
563	226
563	420
563	431
563	458
563	484.5
563	503
563	515
563	565
563	655
563	739
563	749.5
563	760
563	773
563	783.5
563	811.5
563	828.5
563	839
563	851.5
563	890.5
563	901
563	913
563	923.5
563	941.5
563	961
563	978
563	988.5
563	999
564	5
564	64.5
564	78.5
564	92.5
564	106.5
564	120.5
564	145
564	167.5
564	189.5
564	222.5
564	242.5
564	264.5
564	278.5
564	292.5
564	403.5
564	426
564	449
564	460
564	470.5
564	482
564	506
564	548.5
564	566.5
564	578
564	597
564	611
564	636.5
564	653
564	665.5
564	679
564	693.5
564	706
564	719.5
564	733.5
564	745
564	755.5
564	766.5
564	777.5
564	788.5
564	802
564	813
564	824
564	834.5
564	845.5
564	856
564	870.5
564	882.5
564	893
564	904
564	915
564	930.5
564	942.5
564	953.5
564	964
564	974.5
564	985
564	995.5
565	248
565	305.5
565	316.5
565	327.5
565	339.5
565	363
565	375
565	409.5
565	420
565	430.5
565	442.5
565	453
565	463.5
565	475.5
565	486
565	498
565	509.5
565	520.5
565	531
565	582
565	621
565	642.5
565	689.5
565	749
565	855.5
565	888.5
565	899.5
565	921.5
566	3.5
566	17
566	37.5
566	60.5
566	71.5
566	84.5
566	98
566	109.5
566	124
566	137.5
566	151.5
566	165
566	178
566	191.5
566	214
566	227.5
566	241
566	264.5
566	278
566	291
566	362.5
566	397
566	409.5
566	420
566	449
566	459.5
566	476
566	487
566	499
566	510
566	520.5
566	531.5
566	551
566	567.5
566	578.5
566	602.5
566	616
566	640.5
566	655
566	676
566	698
566	713
566	726.5
566	749.5
566	762.5
566	780.5
566	803.5
566	825
566	847.5
566	875
566	888
566	916
566	940
566	966.5
566	987.5
567	47
567	106.5
567	397
567	417
567	427.5
567	439
567	456
567	467
567	479.5
567	501
567	512
567	525
567	537.5
567	548
567	576
567	687.5
567	698.5
567	803.5
567	891
567	902.5
567	942.5
567	969
568	4
568	16.5
568	29.5
568	129.5
568	152
568	172
568	194
568	207
568	224.5
568	245.5
568	304.5
568	340
568	355.5
568	366
568	388
568	413.5
568	424
568	451
568	461.5
568	477.5
568	490.5
568	501
568	531
568	553
568	691
568	757.5
568	802
568	833
568	854.5
568	866.5
568	890.5
568	907
568	920
568	975.5
569	37
569	436.5
569	447
569	457.5
569	468.5
569	480.5
569	513.5
569	524
569	534.5
569	545
569	602.5
569	627.5
569	644
569	659.5
569	674
569	685.5
569	768
569	784
569	834
569	872
569	882.5
569	909.5
569	920.5
569	931
569	941.5
569	954
569	969.5
569	980
569	990.5
570	3.5
570	143
570	165.5
570	183
570	220
570	239
570	254
570	269.5
570	293
570	374.5
570	411
570	425
570	436.5
570	447.5
570	458.5
570	472.5
570	483
570	511
570	521.5
570	539
570	662.5
570	675
570	686.5
570	697.5
570	766.5
570	780.5
570	791
570	804
570	814.5
570	828.5
570	852.5
570	870
570	881
570	891.5
570	904.5
570	915
570	926
570	939.5
570	954
570	965
570	976
570	986.5
570	998.5
571	295.5
571	310
571	428.5
571	440.5
571	451
571	462
571	473.5
571	484
571	495
571	519.5
571	530
571	541
571	601
571	665.5
571	676
571	687.5
571	698.5
571	764
571	775
571	785.5
571	866
571	876.5
571	887
571	909.5
571	920.5
571	931
571	941.5
571	952.5
571	963
571	973.5
571	984.5
571	995
572	35.5
572	103.5
572	128
572	424.5
572	435
572	445.5
572	456
572	466.5
572	477.5
572	488.5
572	518
572	528.5
572	539
572	550
572	604.5
572	658.5
572	671
572	682
572	692.5
572	780.5
572	792
572	815.5
572	836
572	853
572	870
572	881
572	891.5
572	906
572	916.5
572	927
572	937.5
572	948
572	958.5
572	969
572	979.5
572	990
573	3.5
573	26
573	47
573	59.5
573	72
573	84.5
573	97
573	113
573	125
573	139.5
573	152
573	164.5
573	178
573	190.5
573	202.5
573	215
573	227.5
573	240
573	252.5
573	265
573	277.5
573	290
573	302.5
573	315
573	327.5
573	340
573	351
573	361.5
573	373
573	385.5
573	398
573	409
573	421.5
573	432.5
573	459.5
573	480
573	500
573	512.5
573	529.5
573	545.5
573	556.5
573	569
573	580
573	591
573	603.5
573	617
573	629.5
573	642
573	654
573	664.5
573	675
573	689
573	700
573	713
573	725.5
573	738
573	769
573	781.5
573	792
573	803
573	813.5
573	825.5
573	836
573	852.5
573	866
573	876.5
573	889
573	900.5
573	928
573	944.5
573	955
573	965.5
573	976
573	986.5
573	997
574	14.5
574	346.5
574	357
574	398
574	427
574	438.5
574	450
574	461.5
574	473.5
574	543.5
574	555
574	665
574	675.5
574	689
574	700
574	747.5
574	783.5
574	801
574	811.5
574	831
574	842.5
574	888
574	900.5
574	945.5
574	959.5
574	971
574	981.5
574	992
575	41.5
575	156.5
575	351
575	362
575	402
575	433.5
575	463
575	476
575	487.5
575	550
575	560.5
575	580.5
575	662
575	676.5
575	691
575	784
575	799.5
575	810
575	830.5
575	841.5
575	887.5
575	945.5
575	957
575	968
575	979
575	989.5
575	1000
576	115
576	139.5
576	344.5
576	359.5
576	372
576	396.5
576	447.5
576	460.5
576	476
576	486.5
576	531.5
576	542
576	553
576	578
576	656
576	666.5
576	677
576	687.5
576	752.5
576	764.5
576	785
576	795.5
576	806
576	816.5
576	829.5
576	840
576	878.5
576	890
576	901.5
576	944.5
576	955.5
576	966.5
576	977
576	987.5
576	998
577	188.5
577	425.5
577	514.5
577	641.5
577	652.5
577	731
577	741
577	763.5
577	774
577	785.5
577	802
577	812.5
577	893
577	906.5
577	919.5
577	930
577	940.5
577	954.5
577	971.5
577	982
577	992.5
578	4.5
578	19.5
578	160.5
578	177.5
578	188.5
578	223.5
578	257
578	317
578	389
578	416.5
578	427
578	464
578	476
578	508
578	528.5
578	567
578	591.5
578	605
578	618.5
578	630
578	645.5
578	656
578	691.5
578	705.5
578	719
578	758.5
578	775.5
578	786
578	799.5
578	810
578	821.5
578	874.5
578	889.5
578	902
578	912.5
578	923
578	933.5
578	944
578	954.5
578	966
578	976.5
578	987
578	997.5
579	81.5
579	185.5
579	196.5
579	230.5
579	348
579	424
579	434.5
579	496.5
579	511
579	546
579	620.5
579	638.5
579	650
579	754.5
579	765.5
579	776.5
579	787
579	800.5
579	811
579	822
579	832.5
579	857
579	889
579	903.5
579	914
579	924.5
579	935.5
579	946
579	956.5
579	967
579	977.5
579	988.5
579	999
580	4
580	17.5
580	30.5
580	43.5
580	56.5
580	75
580	93.5
580	106.5
580	119.5
580	132.5
580	145
580	159.5
580	173
580	184
580	194.5
580	208
580	226
580	240
580	250.5
580	263
580	276
580	289
580	302
580	315
580	328
580	341
580	360
580	373
580	386
580	399
580	412
580	425
580	436.5
580	449
580	462
580	483
580	496
580	507.5
580	518
580	530.5
580	543.5
580	558.5
580	571.5
580	584.5
580	597.5
580	610.5
580	621.5
580	634.5
580	645.5
580	656
580	668
580	681
580	694
580	707
580	720
580	733
580	746
580	766.5
580	777
580	788
580	800
580	810.5
580	821.5
580	844.5
580	855
580	868.5
580	880.5
580	893.5
580	907
580	918.5
580	929
580	940.5
580	951.5
580	963.5
580	974
580	984.5
580	995.5
581	4
581	63
581	137
581	148.5
581	159
581	214
581	471
581	616.5
582	5.5
582	17.5
582	135
582	146
582	156.5
582	379.5
582	397.5
582	440
582	489.5
582	619.5
582	674
582	840.5
583	5.5
583	132.5
583	143
583	153.5
583	749.5
583	873.5
583	947
584	5.5
584	17.5
584	129
584	139.5
584	150
584	352
584	362.5
584	375.5
584	391
584	750
584	977.5
585	42
585	158.5
585	169.5
585	198
585	760
585	821.5
586	5.5
586	18.5
586	34
586	48.5
586	61.5
586	77
586	92.5
586	108
586	123.5
586	139
586	154.5
586	165.5
586	190.5
586	219
586	250
586	265.5
586	281
586	296.5
586	312
586	343.5
586	359
586	374.5
586	390
586	405.5
586	421
586	445.5
586	460
586	471
586	485.5
586	501
586	528
586	543.5
586	559
586	589
586	604.5
586	620
586	635.5
586	651
586	676
586	691.5
586	707
586	722.5
586	738
586	815
587	165
587	757.5
587	870.5
588	46.5
588	78
588	150.5
588	592
588	612
588	872
589	4
589	28.5
589	41.5
589	53
589	66
589	79
589	92.5
589	105.5
589	118.5
589	131.5
589	144.5
589	155.5
589	170
589	181
589	202
589	215
589	228
589	241
589	254
589	267
589	280
589	293
589	312
589	325
589	338
589	351
589	364
589	377
589	395
589	408
589	421
589	434
589	447
589	460
589	473
589	486
589	499
589	512
589	525
589	538
589	551
589	566
589	579
589	592
589	605.5
589	624
589	637
589	650
589	663
589	676
589	689
589	702
589	715
589	728
589	741
589	754
589	767.5
589	780.5
589	802
589	815
589	828
589	838.5
589	850.5
589	862
589	889
589	902
589	915
589	928
589	941
589	961.5
589	974.5
589	987.5
590	4.5
590	16.5
590	158.5
590	190
590	301.5
590	383
590	554
590	754
590	790
590	876
590	949.5
590	989
591	4
591	17
591	32.5
591	46
591	71.5
591	85
591	98
591	111
591	124
591	137
591	151.5
591	175.5
591	186
591	196.5
591	209
591	223
591	245
591	258
591	271
591	284
591	301.5
591	354.5
591	373
591	410
591	423
591	436
591	449
591	462
591	480.5
591	493.5
591	506.5
591	519.5
591	532.5
591	545.5
591	582
591	592.5
591	615
591	639
591	662
591	675
591	688
591	701
591	724
591	764
591	778.5
591	802
591	815
591	829
591	842
591	893
591	906.5
591	918
591	930.5
591	943.5
591	961.5
591	974.5
592	4.5
592	20
592	33
592	50
592	193
592	342.5
592	392.5
592	468
592	564.5
592	587
592	603.5
592	623
592	767.5
592	868
593	169
593	179.5
593	261
593	299.5
593	346.5
593	361.5
593	504
593	564
593	576
593	586.5
593	597
593	610
593	839
593	855
593	874.5
594	60.5
594	176.5
594	348.5
594	377
594	566.5
594	584
594	594.5
594	606
594	852
595	5.5
595	139.5
595	174
595	185
595	349.5
595	404.5
595	506
595	562.5
595	573.5
595	584
595	594.5
595	605
595	615.5
595	677.5
595	855.5
595	868.5
595	976.5
596	95.5
596	166
596	176.5
596	343
596	507
596	565
596	577.5
596	588
596	599
596	610
596	786
596	841
596	855
597	7
597	23.5
597	35
597	45.5
597	216.5
597	591.5
597	602
597	642
597	859.5
597	870
597	881.5
597	966.5
598	36.5
598	47
598	72.5
598	123.5
598	135.5
598	213.5
598	285
598	316
598	507
598	584
598	599
598	637
598	725.5
598	859.5
598	870.5
599	22.5
599	36.5
599	47
599	157
599	490.5
599	532
599	591
599	602
599	639.5
599	863.5
599	874.5
599	964.5
600	4.5
600	19
600	37.5
600	48
600	74.5
600	126
600	139.5
600	152.5
600	233.5
600	247
600	410
600	434.5
600	460
600	516
600	533.5
600	586.5
600	597.5
600	666.5
600	692
600	721.5
600	733.5
600	769.5
600	783
600	796.5
600	833
600	847
600	857.5
600	868
600	887
600	900.5
600	914
600	931
600	945.5
600	962.5
600	984.5
600	997
